-1.003851924928478079e+00 7.312495651693390331e-01
-1.002173479765624764e+00 7.330385462592199364e-01
-1.000368101681932353e+00 7.347250344658069476e-01
-9.984413745317051170e-01 7.363135315766005107e-01
-9.963988821692471021e-01 7.378085393791012914e-01
-9.942462084488622454e-01 7.392145596608100666e-01
-9.919889372248549275e-01 7.405360942092272802e-01
-9.896326523515290852e-01 7.417776448118535981e-01
-9.871829376831889880e-01 7.429437132561895751e-01
-9.846453770741385725e-01 7.440388013297359882e-01
-9.820255543786821084e-01 7.450674108199933920e-01
-9.793290534511237544e-01 7.460340435144623417e-01
-9.765614581457674470e-01 7.469432012006436139e-01
-9.737283523169174559e-01 7.477993856660375416e-01
-9.708353198188777178e-01 7.486070986981450126e-01
-9.678879445059526132e-01 7.493708420844665818e-01
-9.648918102324461898e-01 7.500951176125028041e-01
-9.618525008526623843e-01 7.507844270697543454e-01
-9.587756002209055772e-01 7.514432722437217604e-01
-9.556666921914795942e-01 7.520761549219057152e-01
-9.525313606187448823e-01 7.526875768918508403e-01
-9.492782853943187993e-01 7.532151181211752533e-01
-9.460496549764163543e-01 7.537885005990814236e-01
-9.428684680092827008e-01 7.543108649443405200e-01
-9.397590354302024496e-01 7.549422684387857574e-01
-9.367469867579059084e-01 7.557002290120881094e-01
-9.337349380465996829e-01 7.564597126649408310e-01
-9.307228890622235573e-01 7.570956892522223702e-01
-9.277108401038539620e-01 7.577385185401843692e-01
-9.246987914705678824e-01 7.583744941912264892e-01
-9.216867429283045476e-01 7.591339808920586352e-01
-9.186746942430048524e-01 7.598919446953872336e-01
-9.156626476408380455e-01 7.605233516539182670e-01
-9.126505990595651374e-01 7.611585664543616403e-01
-9.096385507253552660e-01 7.619279488629686625e-01
-9.066265024041486598e-01 7.627064687346177818e-01
-9.036144538618856581e-01 7.634819426292126510e-01
-9.006024053976425803e-01 7.641293365474467469e-01
-8.975903573104959676e-01 7.647790151240161372e-01
-8.945783093663858265e-01 7.655613429936174441e-01
-8.915662613312524964e-01 7.663512861569435897e-01
-8.885542154312653373e-01 7.671366611738980046e-01
-8.855421695312779562e-01 7.677924378993598031e-01
-8.825301214961446261e-01 7.684489760995801833e-01
-8.795180735520344850e-01 7.692366355408102319e-01
-8.765060254648877613e-01 7.700303860779287302e-01
-8.734939750735518649e-01 7.708180442708394420e-01
-8.704819270384185348e-01 7.714745761202355112e-01
-8.674698791983351809e-01 7.721303462608132273e-01
-8.644578313192416985e-01 7.729157193272688797e-01
-8.614457831670783161e-01 7.737056613202955013e-01
-8.584337369680146157e-01 7.744879887997969670e-01
-8.554216886598113856e-01 7.751376716206520578e-01
-8.524096404686383188e-01 7.757850695491117499e-01
-8.493975921604350887e-01 7.765605472718859481e-01
-8.463855415740491051e-01 7.773390708416809680e-01
-8.433734933698725511e-01 7.781084568704137450e-01
-8.403614453867525036e-01 7.787436714107904834e-01
-8.373493973906291910e-01 7.793750791495211994e-01
-8.343373491474423975e-01 7.801330398528568688e-01
-8.313253028833621494e-01 7.808925233756762729e-01
-8.283132545361490129e-01 7.816413462778831756e-01
-8.253012063319724589e-01 7.822544745601707206e-01
-8.222891580367726050e-01 7.828622728572350864e-01
-8.192771094164895684e-01 7.835951058037726735e-01
-8.162650607701998906e-01 7.843279394004768479e-01
-8.132530123969800018e-01 7.849357435022258356e-01
-8.102409640627701304e-01 7.855488778752710566e-01
-8.072289155335105049e-01 7.862977022858638199e-01
-8.042168690353702631e-01 7.870571865888826846e-01
-8.012048224332033453e-01 7.878151473442317476e-01
-7.981927735918638023e-01 7.884465505526037088e-01
-7.951807247375209942e-01 7.890817608486949686e-01
-7.921686737090221087e-01 7.898511428672020385e-01
-7.891566251667587739e-01 7.906296626088176183e-01
-7.861445769495789548e-01 7.914051366334461379e-01
-7.831325288234223247e-01 7.920525309417798532e-01
-7.801204805542292231e-01 7.927022101685154976e-01
-7.771084343681686768e-01 7.934845389483498046e-01
-7.740963881300949589e-01 7.942744832819750300e-01
-7.710843397048618986e-01 7.950598597292954928e-01
-7.680722913186387446e-01 7.957156381451896410e-01
-7.650602408102729068e-01 7.963721782959088946e-01
-7.620481903799268819e-01 7.971598399477042296e-01
-7.590361422277636105e-01 7.979535929554547602e-01
-7.560240941926302805e-01 7.987412538790640282e-01
-7.530120460404670091e-01 7.993977887192248444e-01
-7.499999999974431564e-01 8.000535621106340534e-01
-7.469879539284125514e-01 8.008389386879877225e-01
-7.439759056982293561e-01 8.016288844519788848e-01
-7.409638575330625976e-01 8.024112159625113039e-01
-7.379518091988528372e-01 8.030609030744637611e-01
-7.349397585344471517e-01 8.037083055540874543e-01
-7.319277102002372803e-01 8.044837831676339146e-01
-7.289156620350705218e-01 8.052623057699812570e-01
-7.259036138048874376e-01 8.060316899210336894e-01
-7.228915677358568326e-01 8.066669016214841337e-01
-7.198795216928330909e-01 8.072983055060289903e-01
-7.168674754677626382e-01 8.080562662093647708e-01
-7.138554269254995255e-01 8.088157497321840639e-01
-7.108433782922132238e-01 8.094517220751801245e-01
-7.078313274067509209e-01 8.100945478730493532e-01
-7.048192789295043559e-01 8.107305207361786836e-01
-7.018072306993212717e-01 8.114900052992641832e-01
-6.987951824821413416e-01 8.122479675629988849e-01
-6.957831340439049050e-01 8.128793773822617919e-01
-6.927710876107812110e-01 8.135145945233037690e-01
-6.897590410476243106e-01 8.142839787523760142e-01
-6.867469922192881437e-01 8.150624999243578639e-01
-6.837349433519419595e-01 8.158379745991524157e-01
-6.807228922844329455e-01 8.164853687774530355e-01
-6.777108412169241536e-01 8.171350470939559019e-01
-6.746987923495779693e-01 8.179173741833575262e-01
-6.716867435212416915e-01 8.187073160463510524e-01
-6.686746969580850131e-01 8.194926892428400222e-01
-6.656626505249610970e-01 8.201484636277031059e-01
-6.626506040138177012e-01 8.208049989671918345e-01
-6.596385552895080995e-01 8.215926599480156689e-01
-6.566265065782018739e-01 8.223864126228810356e-01
-6.536144557187459903e-01 8.231740736037048700e-01
-6.506024049113035002e-01 8.238306089431935986e-01
-6.475903563560372334e-01 8.244863833280566823e-01
-6.445783078917940445e-01 8.252717565245456521e-01
-6.415662617447436267e-01 8.260616983875390673e-01
-6.385542157797399199e-01 8.268440254769408027e-01
-6.355421697887292387e-01 8.274937037934437800e-01
-6.325301216365659673e-01 8.281410979717442888e-01
-6.295180735494192437e-01 8.289165726465387296e-01
-6.265060252932294071e-01 8.296950938185204683e-01
-6.234939747068436455e-01 8.304644780475929355e-01
-6.204819264506535870e-01 8.310996951886350237e-01
-6.174698783635069743e-01 8.317311050078977086e-01
-6.144578302113437029e-01 8.324890672716325213e-01
-6.114457842203331328e-01 8.332485518347179099e-01
-6.084337382553293150e-01 8.338845246978471293e-01
-6.054216921082788971e-01 8.345273504957164690e-01
-6.024096436440358193e-01 8.351633228387125296e-01
-5.993975950887693305e-01 8.359228063615319337e-01
-5.963855442813268404e-01 8.366807670648676032e-01
-5.933734934218712898e-01 8.373121748035982082e-01
-5.903614447105648422e-01 8.379473893439751686e-01
-5.873493959862553515e-01 8.387167753727078345e-01
-5.843373494751117336e-01 8.394952989425028544e-01
-5.813253030419881506e-01 8.402707766652769417e-01
-5.783132564788312502e-01 8.409181745937366337e-01
-5.753012076504950834e-01 8.415678574145916135e-01
-5.722891587831487881e-01 8.423501848940930792e-01
-5.692771077156398851e-01 8.431401268871198118e-01
-5.662650566481309822e-01 8.439254999535754642e-01
-5.632530077807846869e-01 8.445812700941531803e-01
-5.602409589524485201e-01 8.452378019435491385e-01
-5.572289123892917306e-01 8.460254601364599614e-01
-5.542168659561681476e-01 8.468192106735784597e-01
-5.512048175179316001e-01 8.476068701148085083e-01
-5.481927693007516700e-01 8.482634083150288884e-01
-5.451807210705685858e-01 8.489191850404907980e-01
-5.421686725933220208e-01 8.497045600574453239e-01
-5.391566217078596068e-01 8.504945032207713584e-01
-5.361445730745734162e-01 8.512768310903724434e-01
-5.331325245323103035e-01 8.519265096669419446e-01
-5.301204783072398508e-01 8.525739035851760406e-01
-5.271084322642159981e-01 8.533493774797711318e-01
-5.240963842680926854e-01 8.541278973514201400e-01
-5.210843365450391618e-01 8.548972797600271623e-01
-5.180722888609955445e-01 8.555324945604705356e-01
-5.150602409819020622e-01 8.561639015190015689e-01
-5.120481926736989431e-01 8.569218653223300564e-01
-5.090361442354623955e-01 8.576813520231622023e-01
-5.060240959662691829e-01 8.583173276742043223e-01
-5.030120476320594225e-01 8.589601569621662103e-01
-5.000000014590023634e-01 8.595961335494480826e-01
-4.969879533848589603e-01 8.603556172023008042e-01
-4.939759056357988509e-01 8.611135777756031562e-01
-4.909638579777619305e-01 8.617449812700481715e-01
-4.879518101766884275e-01 8.623801923203323616e-01
-4.849397619985184038e-01 8.631495755611519050e-01
-4.819277112820993247e-01 8.639280969932001675e-01
-4.789156626878229850e-01 8.647035731763805799e-01
-4.759036140545366833e-01 8.653509739655721456e-01
-4.728915676084097797e-01 8.660006591270257292e-01
-4.698795192872032289e-01 8.667829884269927510e-01
-4.668674713170865020e-01 8.675729317203518809e-01
-4.638554234639996610e-01 8.683583055670072159e-01
-4.608433754938829341e-01 8.690140759676513449e-01
-4.578313271726763833e-01 8.696706075569807792e-01
-4.548192763392273075e-01 8.704582649696921415e-01
-4.518072276539277787e-01 8.712520142064781314e-01
-4.487951789556248183e-01 8.720396718272426240e-01
-4.457831324704878417e-01 8.726962038326785409e-01
-4.427710860633709000e-01 8.733519748574822827e-01
-4.397590375991278222e-01 8.741373495363503610e-01
-4.367469893039279683e-01 8.749272938699756974e-01
-4.337349409437113446e-01 8.757096244182620559e-01
-4.307228922844184016e-01 8.763593110360881067e-01
-4.277108436251255141e-01 8.770067134897052696e-01
-4.246987952649090015e-01 8.777821915453646318e-01
-4.216867469697090920e-01 8.785607150579449742e-01
-4.186746985054660142e-01 8.793301005873498388e-01
-4.156626520983490169e-01 8.799653141342727025e-01
-4.126506036861191662e-01 8.805967203334096327e-01
-4.096385554949459884e-01 8.813546838194569188e-01
-4.066265072907693789e-01 8.821141705931077048e-01
-4.036144588395296218e-01 8.827501505092408829e-01
-4.006024123673960213e-01 8.833929833341073179e-01
-3.975903638121295880e-01 8.840289627301074482e-01
-3.945783153998998483e-01 8.847884484634922497e-01
-3.915662668966466975e-01 8.855464103891406147e-01
-3.885542180683104752e-01 8.861778145077452429e-01
-3.855421692139676115e-01 8.868130254540028679e-01
-3.825301206326945924e-01 8.875824078626097791e-01
-3.795180720904315907e-01 8.883609277342587873e-01
-3.765060233531186684e-01 8.891364016288539895e-01
-3.734939766469251854e-01 8.897837955470879745e-01
-3.704819279096121520e-01 8.904334741236573647e-01
-3.674698793673492059e-01 8.912158019932585606e-01
-3.644578307860761313e-01 8.920057451565845952e-01
-3.614457819317332121e-01 8.927911201735392321e-01
-3.584337331033969898e-01 8.934468968990010307e-01
-3.554216846001439500e-01 8.941034350992214108e-01
-3.524096361879141548e-01 8.948910945404513484e-01
-3.493975876326477215e-01 8.956848450775699577e-01
-3.463855411605141765e-01 8.964725032704806695e-01
-3.433734927092744194e-01 8.971290351198768498e-01
-3.403614445050978099e-01 8.977848052604544549e-01
-3.373493963139245211e-01 8.985701783269101073e-01
-3.343373479016947813e-01 8.993601203199367289e-01
-3.313253014945778396e-01 9.001424477994381945e-01
-3.283132530303346508e-01 9.007921306202931744e-01
-3.253012047351347968e-01 9.014395285487528664e-01
-3.222891563749183397e-01 9.022150062715270646e-01
-3.192771077156253412e-01 9.029935298413219735e-01
-3.162650590563322872e-01 9.037629158700548615e-01
-3.132530106961158300e-01 9.043981304104317109e-01
-3.102409624009159761e-01 9.050295381491622049e-01
-3.072289139366728428e-01 9.057874988524978743e-01
-3.042168675295559011e-01 9.065469823753172784e-01
-3.012048191173261058e-01 9.071829547183134501e-01
-2.981927709261528170e-01 9.078257805161826788e-01
-2.951807227219762075e-01 9.084617533793118982e-01
-2.921686742707364504e-01 9.092212379423973978e-01
-2.891566258715100313e-01 9.099792002061320995e-01
-2.861445778233733250e-01 9.106106100253948954e-01
-2.831325298922665601e-01 9.112458271664368725e-01
-2.801204818441299094e-01 9.120152113955092288e-01
-2.771084334449034348e-01 9.127937325674909674e-01
-2.740963849936636776e-01 9.135692072422855192e-01
-2.710843367894870681e-01 9.142166014205861391e-01
-2.680722885983138348e-01 9.148662797370891164e-01
-2.650602401860839841e-01 9.156486068264907408e-01
-2.620481937789670424e-01 9.164385486894842670e-01
-2.590361453147239645e-01 9.172239218859731258e-01
-2.560240970195241106e-01 9.178796962708363205e-01
-2.530120486593075979e-01 9.185362316103249380e-01
-2.500000000000145994e-01 9.193238925911488835e-01
-2.469879513407216287e-01 9.201176452660142502e-01
-2.439759029805050883e-01 9.209053062468380846e-01
-2.409638546853052343e-01 9.215618415863268131e-01
-2.379518062210621565e-01 9.222176159711898968e-01
-2.349397598139451870e-01 9.230029891676788667e-01
-2.319277114017153918e-01 9.237929310306722819e-01
-2.289156632105421307e-01 9.245752581200739062e-01
-2.259036150063655213e-01 9.252249364365768836e-01
-2.228915665551257641e-01 9.258723306148776144e-01
-2.198795181558992895e-01 9.266478052896720552e-01
-2.168674701077625833e-01 9.274263264616537938e-01
-2.138554221766558461e-01 9.281957106907260391e-01
-2.108433741285191676e-01 9.288309278317680162e-01
-2.078313257292926652e-01 9.294623376510309232e-01
-2.048192772780529358e-01 9.302202999147656248e-01
-2.018072290738763541e-01 9.309797844778511244e-01
-1.987951808827030376e-01 9.316157573409803438e-01
-1.957831324704732701e-01 9.322585831388495725e-01
-1.927710860633563006e-01 9.328945554818456332e-01
-1.897590375991132228e-01 9.336540390046650373e-01
-1.867469893039133133e-01 9.344119997080008178e-01
-1.837349409436968561e-01 9.350434074467313117e-01
-1.807228922844038577e-01 9.356786219871080501e-01
-1.777108436251108869e-01 9.364480080158409381e-01
-1.746987952648943743e-01 9.372265315856358470e-01
-1.716867469696945203e-01 9.380020093084100452e-01
-1.686746985054514147e-01 9.386494072368698482e-01
-1.656626520983344453e-01 9.392990900577248281e-01
-1.626506036861046500e-01 9.400814175372262937e-01
-1.596385554949313890e-01 9.408713595302529153e-01
-1.566265072907548073e-01 9.416567325967086788e-01
-1.536144588395150223e-01 9.423125027372862839e-01
-1.506024123673814219e-01 9.429690345866823531e-01
-1.475903638121150163e-01 9.437566927795930649e-01
-1.445783153998852488e-01 9.445504433167116742e-01
-1.415662668966321536e-01 9.453381027579416118e-01
-1.385542180682959312e-01 9.459946409581619919e-01
-1.355421692139530676e-01 9.466504176836239015e-01
-1.325301206326800207e-01 9.474357927005785385e-01
-1.295180720904169636e-01 9.482257358639045730e-01
-1.265060233531040135e-01 9.490080637335057689e-01
-1.234939766469105860e-01 9.496577423100751592e-01
-1.204819279095976081e-01 9.503051362283090331e-01
-1.174698793673345648e-01 9.510806101229041243e-01
-1.144578307860615318e-01 9.518591299945533546e-01
-1.114457819317186543e-01 9.526285124031601548e-01
-1.084337331033824320e-01 9.532637233494177798e-01
-1.054216846001293506e-01 9.538951274680224079e-01
-1.024096361878995554e-01 9.546530893936707729e-01
-9.939758763263316366e-02 9.554125751270554634e-01
-9.638554116049956322e-02 9.560485545230555937e-01
-9.337349270925979217e-02 9.566913873479220287e-01
-9.036144450508321047e-02 9.573273672640549847e-01
-8.734939631390994941e-02 9.580868540377059928e-01
-8.433734790168015416e-02 9.588448175237535009e-01
-8.132530149456318469e-02 9.594762237228904311e-01
-7.831325303032009300e-02 9.601114372698129618e-01
-7.530120473512021129e-02 9.608808227992180484e-01
-7.228915637490372637e-02 9.616593463117983909e-01
-6.927710771561072789e-02 9.624348243674577530e-01
-6.626505905631774329e-02 9.630822268210748049e-01
-6.325301069610125837e-02 9.637319134389010777e-01
-6.024096240090137666e-02 9.645142439871874362e-01
-5.722891393665827803e-02 9.653041883208125506e-01
-5.421686752954131550e-02 9.660895629996808509e-01
-5.120482104440439441e-02 9.667453340244844817e-01
-4.819277427319430818e-02 9.674018660299205097e-01
-4.518072315367208797e-02 9.681895236506847802e-01
-4.216867234622967420e-02 9.689832728874707701e-01
-3.915662405102979943e-02 9.697709303001821324e-01
-3.614457610691973466e-02 9.704274618895115667e-01
-3.313252827983959731e-02 9.710832322901558067e-01
-3.012048033572952213e-02 9.718686061368109197e-01
-2.710843204052966124e-02 9.726585494301702717e-01
-2.409638562040936766e-02 9.734408787301372934e-01
-2.108433894022256755e-02 9.740905638915907661e-01
-1.807228793773026781e-02 9.747379646807824427e-01
-1.506023727332444009e-02 9.755134408639627441e-01
-1.204818914716780653e-02 9.762919622960110067e-01
-9.036141398107624262e-03 9.770613455368307720e-01
-6.024093792084023700e-03 9.776965565871148511e-01
-3.012046095037142646e-03 9.783279600815598664e-01
1.927092882698496649e-09 9.790859206548622184e-01
3.012048048136677612e-03 9.798454043077148290e-01
6.024094403240335890e-03 9.804813808949965903e-01
9.036141200457072087e-03 9.811242101829584783e-01
1.204819250202586109e-02 9.817601858340008203e-01
1.506024118732550605e-02 9.825196725348331883e-01
1.807228941750874465e-02 9.832776363381615647e-01
2.108433742663544386e-02 9.840218938559034401e-01
2.419376916049975276e-02 9.848531084050008433e-01
2.747234127233417686e-02 9.858734700540854323e-01
3.077272745924309813e-02 9.869312931352891560e-01
3.417062893593935530e-02 9.879892703579167268e-01
3.762004820587831755e-02 9.890116124603317571e-01
4.098023250104378817e-02 9.899640492762288302e-01
4.433344835552681384e-02 9.909579133357602210e-01
4.764027178165550908e-02 9.918506527099478776e-01
5.076652296114347179e-02 9.926140977011717048e-01
5.380104330490435849e-02 9.932215966408710628e-01
5.671097743968726845e-02 9.936480169558157272e-01
5.936871226054044048e-02 9.940138238487755684e-01
6.186966218012067420e-02 9.941856106402052751e-01
6.418754289982717132e-02 9.941443364509167102e-01
6.620131484958771684e-02 9.938724920738696289e-01
6.801296161562292442e-02 9.933540824768964939e-01
6.960276999998891989e-02 9.927187153242865714e-01
7.085627153327028749e-02 9.918421176753856594e-01
7.188201598188598274e-02 9.907143862440807025e-01
7.266686505072147972e-02 9.893271494164064261e-01
7.310292131900482382e-02 9.876735497532711516e-01
7.330530666807129336e-02 9.858923325120400039e-01
7.326745491772254648e-02 9.838683623451336402e-01
7.288803969583018683e-02 9.816008735595145307e-01
7.228875778655878548e-02 9.790906321342933705e-01
7.146960918990834244e-02 9.763399182234534512e-01
7.033583863440732997e-02 9.734966097569772714e-01
6.901570908441864716e-02 9.704547127825331465e-01
6.751579544277158673e-02 9.672225991481462337e-01
6.574791348663815149e-02 9.638101723739888049e-01
6.384690214948327003e-02 9.602288501551066169e-01
6.182590358060729985e-02 9.566356528830028960e-01
5.960330465783907072e-02 9.529337203442355131e-01
5.732051541530034516e-02 9.491405619799051507e-01
5.499724524876255932e-02 9.452752189032596064e-01
5.255845700515653085e-02 9.415023163604570033e-01
5.015213176724757360e-02 9.377326087816140188e-01
4.780454891317793831e-02 9.339912289740204265e-01
4.544724127224927801e-02 9.303048239198383751e-01
4.323476097587040240e-02 9.267015722733787930e-01
4.119996337128557784e-02 9.232111707180099547e-01
3.915662330984023137e-02 9.197207689285815668e-01
3.711328306634832652e-02 9.162303671391530679e-01
3.507848491562382681e-02 9.127399655837842296e-01
3.306077113248071658e-02 9.092495644965354895e-01
3.104174055194706960e-02 9.057591630451932163e-01
2.902993788305945067e-02 9.022687614638178477e-01
2.703391029508366017e-02 8.987783599864691553e-01
2.503525472196153207e-02 8.952879588472069106e-01
2.304251346451370239e-02 8.917975582800911072e-01
2.106422882356079676e-02 8.883071574529087799e-01
1.908199966013753371e-02 8.848167565997195894e-01
1.710437070928713665e-02 8.813263559545838621e-01
1.513988424582357432e-02 8.778359508311024406e-01
1.317014103186780333e-02 8.743455501859666024e-01
1.120368334223379239e-02 8.708551493327775228e-01
9.249053451735527592e-03 8.673647485055948625e-01
7.287852122493957731e-03 8.638743479384790591e-01
5.328621629323055005e-03 8.603839467992168144e-01
3.379902319943916579e-03 8.568935453218682330e-01
1.423297390700083848e-03 8.534031437404927534e-01
-5.326509096011205167e-04 8.499127422891508132e-01
-2.479395411693891341e-03 8.464223412019018511e-01
-4.435339181636389037e-03 8.429319396465333458e-01
-6.391939918607984945e-03 8.394415378571047359e-01
-8.340655321788055174e-03 8.359511360676761260e-01
-1.029988653014187600e-02 8.324607345123073987e-01
-1.226108880862622832e-02 8.289703334250584366e-01
-1.421571988242714517e-02 8.254799319737162744e-01
-1.618217898942366298e-02 8.219895303923411278e-01
-1.815192385480181303e-02 8.184991289149924354e-01
-2.011641220374760924e-02 8.150087277757300797e-01
-2.209404520123299867e-02 8.115183272086142763e-01
-2.407627813822140264e-02 8.080279263814317270e-01
-2.605456876590550933e-02 8.045375255282427585e-01
-2.804731142771252003e-02 8.010471248831068092e-01
-3.004596767700759216e-02 7.975567236138113580e-01
-3.204199521297007580e-02 7.940663219544160656e-01
-3.405379324747238867e-02 7.905759201389808144e-01
-3.607281947969388780e-02 7.870855184015655981e-01
-3.809053353590684254e-02 7.835951169762301882e-01
-4.012533219376103466e-02 7.801047150307618416e-01
-4.216867317844252838e-02 7.766143127992202189e-01
-4.421201421513731161e-02 7.731239105156653135e-01
-4.624681302903141389e-02 7.696335084141568972e-01
-4.826452734531087863e-02 7.661431067287549634e-01
-5.028355586871839644e-02 7.626527046272466581e-01
-5.229535579130360073e-02 7.591623023436916418e-01
-5.429138483825256267e-02 7.556719001121501300e-01
-5.629004224744428575e-02 7.521814981666815614e-01
-5.828278574406481338e-02 7.486910967413461515e-01
-6.026107305330016817e-02 7.452006950039310462e-01
-6.224330095280016656e-02 7.417102931884957950e-01
-6.422092906883704322e-02 7.382198915291005026e-01
-6.618541702768307444e-02 7.347294902598051625e-01
-6.815516160698806281e-02 7.312390896146692132e-01
-7.012162053193801703e-02 7.277486887614801336e-01
-7.207625152771897359e-02 7.242582879342976954e-01
-7.403745383220998455e-02 7.207678873671816699e-01
-7.599668517059704476e-02 7.172774862279195363e-01
-7.794540080783698976e-02 7.137870847505707328e-01
-7.990200380998793706e-02 7.102966831691953642e-01
-8.185794944200670831e-02 7.068062817178534241e-01
-8.380469542907927061e-02 7.033158806306044619e-01
-8.576064100908471766e-02 6.998254790752358456e-01
-8.771724390720905817e-02 6.963350772858073467e-01
-8.966596184863831476e-02 6.928446754963787368e-01
-9.172257532275661374e-02 6.893542739410101206e-01
-9.385291666327449933e-02 6.858638728537610474e-01
-9.612151420867535989e-02 6.822606208432082653e-01
-9.849814102597105603e-02 6.786870700723897087e-01
-1.008308714709159060e-01 6.751416891032173684e-01
-1.031908074168727263e-01 6.715101134356673551e-01
-1.055542905452742652e-01 6.677076662963943310e-01
-1.076785864029699141e-01 6.641292389923296735e-01
-1.097643764820393358e-01 6.606261968571445209e-01
-1.117932617786633470e-01 6.570811207691501510e-01
-1.136251445777653329e-01 6.534062919101525369e-01
-1.152455709701427772e-01 6.499935606085076589e-01
-1.167657240309226407e-01 6.466912414304074597e-01
-1.180507648266399534e-01 6.433788732613281436e-01
-1.191888751198935115e-01 6.401913810439329167e-01
-1.201734857631260311e-01 6.370067807141809313e-01
-1.208763269704298537e-01 6.339584868420350405e-01
-1.213921564735058051e-01 6.310358303963318205e-01
-1.215966490479265388e-01 6.281153092839717456e-01
-1.215885026255577317e-01 6.253288064027696658e-01
-1.213716554794713465e-01 6.226641374804168239e-01
-1.208283578212057119e-01 6.199962726058516616e-01
-1.200638786312700490e-01 6.174555679251994000e-01
-1.190887316187019818e-01 6.150283260575508670e-01
-1.177917337083745630e-01 6.125879854196969454e-01
-1.162847230543609250e-01 6.102633869166171898e-01
-1.145847869005781339e-01 6.080393014952548691e-01
-1.125873132465494003e-01 6.057876495433417441e-01
-1.104107107878617433e-01 6.036357539367994685e-01
-1.080786353828530888e-01 6.015668539504227530e-01
-1.054930485399195039e-01 5.994513508766124987e-01
-1.027789324635207391e-01 5.974150446417729743e-01
-9.996651408664487815e-02 5.954396554253681417e-01
-9.696432355811561432e-02 5.933940567018363144e-01
-9.390391225595662306e-02 5.914025216458923540e-01
-9.082207818780622943e-02 5.894452524079417666e-01
-8.763392447822448972e-02 5.873896044333642985e-01
-8.447757548097148406e-02 5.853583192247270306e-01
-8.139640027833577873e-02 5.833300798371038320e-01
-7.831206924134842540e-02 5.811707187663579521e-01
-7.536928025864897407e-02 5.790014584197247238e-01
-7.249364826274885820e-02 5.767994551005888315e-01
-6.958516089359779999e-02 5.744290145531237846e-01
-6.664118757578701979e-02 5.719282138493075873e-01
-6.356171838348885494e-02 5.695592956532067319e-01
-6.046713810690586277e-02 5.671538272148368698e-01
-5.735350195049788297e-02 5.647186623531647021e-01
-5.421686704581759469e-02 5.623230936848085948e-01
-5.108023203711069271e-02 5.599739739624620682e-01
-4.796659556862289259e-02 5.576157209953521710e-01
-4.487201477190689430e-02 5.552551837339999574e-01
-4.179254923874459182e-02 5.531873482570873746e-01
-3.884857556984400162e-02 5.510211342516013744e-01
-3.594008629960673135e-02 5.487336931004676011e-01
-3.306445275371017178e-02 5.465887952857146903e-01
-3.021904625783171719e-02 5.444507552741471024e-01
-2.740123813764878263e-02 5.423279449137894392e-01
-2.460840217906799798e-02 5.402287399068526064e-01
-2.183790780668054890e-02 5.380174498516956394e-01
-1.908712637217047786e-02 5.359578414281744863e-01
-1.635342922722183776e-02 5.339142242346484046e-01
-1.363418632956216181e-02 5.317509029490185002e-01
-1.092677199823445175e-02 5.297316519074987129e-01
-8.228557558916103562e-03 5.277207768542625521e-01
-5.536914337284524514e-03 5.255825835334837492e-01
-2.849213659017111894e-03 5.235808462813763553e-01
-1.628293100205103442e-04 5.215798659216555055e-01
2.524869285114109303e-03 5.194439569211256602e-01
5.216510774702694080e-03 5.174368897618151220e-01
7.914723807061190691e-03 5.154229691216247744e-01
1.062213457027630543e-02 5.132665045989139863e-01
1.334137746793597791e-02 5.112312628735387054e-01
1.607507625390432876e-02 5.091815535438583007e-01
1.882585960250396373e-02 5.069816812877734336e-01
2.159635618805746254e-02 5.048954165873124067e-01
2.438919222465819533e-02 5.027870739092800134e-01
2.720699828771500073e-02 5.005209540773912780e-01
3.005240302554379808e-02 4.983608314278601403e-01
3.292803508646056226e-02 4.961710117048603319e-01
3.583652311878122304e-02 4.938158006525654731e-01
3.878049716477824371e-02 4.915589726071894483e-01
4.176258290540865725e-02 4.892648283924475039e-01
4.478540901499502430e-02 4.867976824751441556e-01
4.785160416785996101e-02 4.844213053373078171e-01
5.096379457809684099e-02 4.822881387849998758e-01
5.400028559668716699e-02 4.798957699750551753e-01
5.705977536354978064e-02 4.774782729401927939e-01
6.014357830686931777e-02 4.751568750081068826e-01
6.325300885483030322e-02 4.729726903751652056e-01
6.626506006537583038e-02 4.706802239275371669e-01
6.927711098984816462e-02 4.683710054253217292e-01
7.228916188831385758e-02 4.660549334682332345e-01
7.530121302083941925e-02 4.637419115764442323e-01
7.831325972703286065e-02 4.614106102282122257e-01
8.132530606913321303e-02 4.590709329437096531e-01
8.433735225519363443e-02 4.565070859788736835e-01
8.744678220500164134e-02 4.540956816523121220e-01
9.053058512231450250e-02 4.518138801215954570e-01
9.359007543531680517e-02 4.494146584549305601e-01
9.662657142637892660e-02 4.471633100838628971e-01
9.964138265524022375e-02 4.449256724247138695e-01
1.026358236020985942e-01 4.425675692507157200e-01
1.056112038266934089e-01 4.403542939934138034e-01
1.085688416113950866e-01 4.380388285894603051e-01
1.115100513843881314e-01 4.357424041687216754e-01
1.144361475738571443e-01 4.335862431384336912e-01
1.173484446079867127e-01 4.313233225668033355e-01
1.202482569149614655e-01 4.290748697815248702e-01
1.231369027771516828e-01 4.269621121102921690e-01
1.260156917542967769e-01 4.247380266213124367e-01
1.288859383265946179e-01 4.225238357218213947e-01
1.317489569742431310e-01 4.204407705416854379e-01
1.346060572569816871e-01 4.182418130175569182e-01
1.374585574571806357e-01 4.160481855566713905e-01
1.403077720030245779e-01 4.139811105662646318e-01
1.431550153226980870e-01 4.117935749034471460e-01
1.460016018443856534e-01 4.096068009754548211e-01
1.488488459962719890e-01 4.075420111895231012e-01
1.516980660607274156e-01 4.053521874823041715e-01
1.545505715974912486e-01 4.031585609836647599e-01
1.574076770867614827e-01 4.010823541008404769e-01
1.602706920882774333e-01 3.988765439020384718e-01
1.631409348844094498e-01 3.966623577149525626e-01
1.660197199033422166e-01 3.945610228672772335e-01
1.689083615732601684e-01 3.923255164272191897e-01
1.718081743223479341e-01 3.900770646561999566e-01
1.747204725787901702e-01 3.879368899614553667e-01
1.776465746249571431e-01 3.856579792000959794e-01
1.805877900205882514e-01 3.833615547793573497e-01
1.835454332458814342e-01 3.811688391064752546e-01
1.865208138605760624e-01 3.788328190385604199e-01
1.895152501470424300e-01 3.762490197186123542e-01
1.926274402451994827e-01 3.739366053942178580e-01
1.957356875789358075e-01 3.716158146394265560e-01
1.988426207965673931e-01 3.691509570525978168e-01
2.019508685464102005e-01 3.668057993135874773e-01
2.050630594767800519e-01 3.647327881489156876e-01
2.080575008657515046e-01 3.624295107154170692e-01
2.110328859847981908e-01 3.601300361253522708e-01
2.139905293141179388e-01 3.579555955085877983e-01
2.169317404134502303e-01 3.556591708017761144e-01
2.198578375651653594e-01 3.533619844121525522e-01
2.227701351974479549e-01 3.511852587469530551e-01
2.256699477384825625e-01 3.488819806632881271e-01
2.285585896164537001e-01 3.467174435927030673e-01
2.314373752595460521e-01 3.444446246034050807e-01
2.343076229501299679e-01 3.421847461026297221e-01
2.371706422479447351e-01 3.400590392202434420e-01
2.400277476331883209e-01 3.378204858928987586e-01
2.428802486656001514e-01 3.355903085278310605e-01
2.457294636275505206e-01 3.334897295322760136e-01
2.485767069472240021e-01 3.312717357633444548e-01
2.514232930528051413e-01 3.290575496282719392e-01
2.542705363724787060e-01 3.269683935342940773e-01
2.571197513344290475e-01 3.247572494180631653e-01
2.599722523668408503e-01 3.225453484094457646e-01
2.628293577520844360e-01 3.204539129156774857e-01
2.656923770498992310e-01 3.182359200049653669e-01
2.685626247404830913e-01 3.160125970050036148e-01
2.714414103835754988e-01 3.139051712434862695e-01
2.743300522615466086e-01 3.116666197886204248e-01
2.772298648025812162e-01 3.094181689018274950e-01
2.801421624348638395e-01 3.072810409903430351e-01
2.830682595865789408e-01 3.050082229112778265e-01
2.860094706859112046e-01 3.027209370718674242e-01
2.889671140152310080e-01 3.005404058793476052e-01
2.919424991342776110e-01 2.982196112703704993e-01
2.949369405232490915e-01 2.958797843748027789e-01
2.979517477418847093e-01 2.936421475998798880e-01
3.009882390725548418e-01 2.912596780138090868e-01
3.040477289434441177e-01 2.888536029442844155e-01
3.071315317827369995e-01 2.865451497189999697e-01
3.102409620186182271e-01 2.843754325343236800e-01
3.132530088548449165e-01 2.820989562764247838e-01
3.162650600653904021e-01 2.798072507054022995e-01
3.192771109898627779e-01 2.775102144209704580e-01
3.222891618883284015e-01 2.752177509433020308e-01
3.253012130208540187e-01 2.729085307506542435e-01
3.283132597270475017e-01 2.705924573631999230e-01
3.313253060691478402e-01 2.680537370368757388e-01
3.344347359669425090e-01 2.656689820902899402e-01
3.375185386241889018e-01 2.634153488268270449e-01
3.405780284690714255e-01 2.610458191831391273e-01
3.436145199297748198e-01 2.584559270248570906e-01
3.467267111462178364e-01 2.561648327453814877e-01
3.497929093964750602e-01 2.538927749187621097e-01
3.528157384604170277e-01 2.516481292472095843e-01
3.557978221179146638e-01 2.494392724992072208e-01
3.587417928714696225e-01 2.471305104189285007e-01
3.616502793693978091e-01 2.449856173425875028e-01
3.645259102600152401e-01 2.428688940938993623e-01
3.673713141916379321e-01 2.406446551396686506e-01
3.701891198125816240e-01 2.385766709619236148e-01
3.729819557711623323e-01 2.365292462385651939e-01
3.757524545698819329e-01 2.343666905679527013e-01
3.785032399886110732e-01 2.323527706299419737e-01
3.812369407276788857e-01 2.303517960228924077e-01
3.839561805669563510e-01 2.282280714247048869e-01
3.866635920089450673e-01 2.262453711715934068e-01
3.893618037019609956e-01 2.242680010077316433e-01
3.920534442943200970e-01 2.221602666772931889e-01
3.947411424343383324e-01 2.201859425164920392e-01
3.974275267703316072e-01 2.182093293490433850e-01
4.001152259506158826e-01 2.160947416417517419e-01
4.028068724776928677e-01 2.141059498766453850e-01
4.055050901314333767e-01 2.121072587316251978e-01
4.082125026917081123e-01 2.099629778050506601e-01
4.109317426610187285e-01 2.079368737767774145e-01
4.136654386876814637e-01 2.058932562451649406e-01
4.164162194200118905e-01 2.036964298881140945e-01
4.191867135063262473e-01 2.016101651876532064e-01
4.219795495949402175e-01 1.994987766105867921e-01
4.247973563341700398e-01 1.972265649806299592e-01
4.276427662265171459e-01 1.950573046339967864e-01
4.305184030518524052e-01 1.928553013148608108e-01
4.334268905900467428e-01 1.904848607673957361e-01
4.363708613436017014e-01 1.879840600635796499e-01
4.394503276725674756e-01 1.856151418674786557e-01
4.425449072209642343e-01 1.832096734291089324e-01
4.456585428572392149e-01 1.807745085674367924e-01
4.487951774498397106e-01 1.783789398990806851e-01
4.519318123545199573e-01 1.760298201767340753e-01
4.550454489270343572e-01 1.736715672096241503e-01
4.581400300358301481e-01 1.713110299482719645e-01
4.612195024035405377e-01 1.692431944713594094e-01
4.641634788057402150e-01 1.670769804658732982e-01
4.670719667340342274e-01 1.647895393147396637e-01
4.699475986909243397e-01 1.626446414999867529e-01
4.727930033247266239e-01 1.605066014884191095e-01
4.756108092837567636e-01 1.583837911280615574e-01
4.784036452163308861e-01 1.562845861211245579e-01
4.811741397707648971e-01 1.540732960659676187e-01
4.839249215953747574e-01 1.520136876424464378e-01
4.866586231926621764e-01 1.499700704489204117e-01
4.893778683424978571e-01 1.478067491632905073e-01
4.920852808247526688e-01 1.457874981217706645e-01
4.947834931419281546e-01 1.437766230685345592e-01
4.974751339423405527e-01 1.416384297477558118e-01
5.001628318743055468e-01 1.396366924956484179e-01
5.028492155861391533e-01 1.376357121359275126e-01
5.055369137261573886e-01 1.354998031353976673e-01
5.082285549426761584e-01 1.334927359760871013e-01
5.109267678840113680e-01 1.314788153358967815e-01
5.136341850526647823e-01 1.293223508131861044e-01
5.163534302285071043e-01 1.272871090878107958e-01
5.190871271914091478e-01 1.252373997581302245e-01
5.218379084438726778e-01 1.230375275020453851e-01
5.246084026342135997e-01 1.209512628015844971e-01
5.274012384107478191e-01 1.188429201235520621e-01
5.302190444217913523e-01 1.165768002916633128e-01
5.330644493156598829e-01 1.144166776421322029e-01
5.359400817406698714e-01 1.122268579191323945e-01
5.388485741993226386e-01 1.098716468668374940e-01
5.417925504714891094e-01 1.076148188214614554e-01
5.447746343370399869e-01 1.053206746067195249e-01
5.477974582984768137e-01 1.028535286894162321e-01
5.508636510041158285e-01 1.004771515515797825e-01
5.539758411022729367e-01 9.834398499927188286e-02
5.570123320168366421e-01 9.595161618932721015e-02
5.600718218877258625e-01 9.353411915446482872e-02
5.631556251431252269e-01 9.121272122237888968e-02
5.662650600654050015e-01 8.902853658943725434e-02
5.692771109898773219e-01 8.673607014180922947e-02
5.722891618883430009e-01 8.442685163959379180e-02
5.753012130208686736e-01 8.211077968250524162e-02
5.783132597270620456e-01 7.979775779071633657e-02
5.813253060691624396e-01 7.746645644248424667e-02
5.843373522552227639e-01 7.512677915798174344e-02
5.873493984932965928e-01 7.256293219314566278e-02
5.904588287031710125e-01 7.015152786658415685e-02
5.935426320886036944e-01 6.786972633586743631e-02
5.966021269319646825e-01 6.547050466920260881e-02
5.996386227929935142e-01 6.321915629813489035e-02
6.026534341518881011e-01 6.086866807977506927e-02
6.056478705683877584e-01 5.854026242135876995e-02
6.086232503248628634e-01 5.635516173012158903e-02
6.115808878494979339e-01 5.406634794271580197e-02
6.145220975704777100e-01 5.179505218900797014e-02
6.174481939159867094e-01 4.966249687623371101e-02
6.203604913142094501e-01 4.742165907260012525e-02
6.232603080475161983e-01 4.519376610580129461e-02
6.261489536756464913e-01 4.310004530353132857e-02
6.290277426787983517e-01 4.089347373399732782e-02
6.318979895371692468e-01 3.869527573152777705e-02
6.347610038104990471e-01 3.662667806467376219e-02
6.376181037811576857e-01 3.444066513031681515e-02
6.404706038773301247e-01 3.225845740859965838e-02
6.433198185272006597e-01 3.020128166807337436e-02
6.461670621589539198e-01 2.802212230561949152e-02
6.490136492007746449e-01 2.584220172847361344e-02
6.518608979350328791e-01 2.378274427096423171e-02
6.547101179214683819e-01 2.159672943552105873e-02
6.575626236402787317e-01 1.940538645092439868e-02
6.604197246512036878e-01 1.732993825754622699e-02
6.632827392366131836e-01 1.512336435781623870e-02
6.661529818246918477e-01 1.290689590760763991e-02
6.690317668436247533e-01 1.080175341306980827e-02
6.719204087215958632e-01 8.560916402639093953e-03
6.748202218867901392e-01 6.305609210643987710e-03
6.777325246215777366e-01 4.157058605635572009e-03
6.806586264856980817e-01 1.868248984495371814e-03
6.835998419593491970e-01 -4.395991726338841746e-04
6.865574806022703980e-01 -2.645257170108232438e-03
6.895328606968318397e-01 -4.995743045268736214e-03
6.925272966712184841e-01 -7.369836291966016736e-03
6.955421029536146271e-01 -9.646310115642339408e-03
6.985785939722050086e-01 -1.207218501386801007e-02
7.016380841551741465e-01 -1.452623175786270371e-02
7.047218917848923070e-01 -1.688722548016156899e-02
7.078313264210988054e-01 -1.911405198439671341e-02
7.108433773195645955e-01 -2.145220445730594908e-02
7.138554284520899351e-01 -2.381015750010576082e-02
7.168674751582835292e-01 -2.617801005285264049e-02
7.198795215003839232e-01 -2.854586052246673236e-02
7.228915676864442474e-01 -3.079096304506569529e-02
7.259036139245179653e-01 -3.315881519470947891e-02
7.289156604226580960e-01 -3.552666289201450445e-02
7.319277112431040733e-01 -3.788461133943897552e-02
7.349397617254632697e-01 -4.022276381234821813e-02
7.379518121298024314e-01 -4.256244161698375522e-02
7.409638627161883040e-01 -4.489374369340209253e-02
7.439759088242289264e-01 -4.720676844852336740e-02
7.469879545161628442e-01 -4.952284104277486498e-02
7.500000000000438538e-01 -5.183206041621311183e-02
7.530120454839246413e-01 -5.412452550889459285e-02
7.560240911758586702e-01 -5.642155955415371904e-02
7.590361372838991816e-01 -5.871326339313322901e-02
7.620481878702849432e-01 -6.098973786697584054e-02
7.650602382746244379e-01 -6.327230374878672903e-02
7.680722887569836344e-01 -6.555106187970864695e-02
7.710843395774291675e-01 -6.781611363402066661e-02
7.740963860755695203e-01 -7.008878031796431096e-02
7.771084323136432381e-01 -7.235916277268232555e-02
7.801204784997036734e-01 -7.461736183931741428e-02
7.831325248418040674e-01 -7.688469829097480113e-02
7.861445715479973284e-01 -7.915127296879718999e-02
7.891566226805230011e-01 -8.140718917415652733e-02
7.921686735789887912e-01 -8.367376385197888844e-02
7.951807245034610006e-01 -8.594110030363627528e-02
7.981927757140065971e-01 -8.819929937027137790e-02
8.012048225502335086e-01 -9.046968182498940636e-02
8.042168690743802806e-01 -9.274234850893305071e-02
8.072289154945005984e-01 -9.500740026324507037e-02
8.102409620186472594e-01 -9.728615839416696054e-02
8.132530088548739489e-01 -9.956872427597787678e-02
8.162650600654196564e-01 -1.018451987498204814e-01
8.192771109898919768e-01 -1.041369025887999983e-01
8.222891618883576559e-01 -1.064339366340591037e-01
8.253012130208831065e-01 -1.087264017267405847e-01
8.283132597270765896e-01 -1.110356211001788385e-01
8.313253060691768725e-01 -1.133516936944303360e-01
8.343373522552373078e-01 -1.158904176408803999e-01
8.374467822050454258e-01 -1.182751718982898992e-01
8.405305851223584535e-01 -1.205288026235036558e-01
8.435900754353605757e-01 -1.228983278538627461e-01
8.466265714264227249e-01 -1.252625227219023030e-01
8.496413826552839943e-01 -1.275001623601574596e-01
8.526358236021424064e-01 -1.298582672661985626e-01
8.556112038267371656e-01 -1.320715401803012334e-01
8.585688416114389820e-01 -1.343870016000357492e-01
8.615100513844318186e-01 -1.366834266579372847e-01
8.644361475739009704e-01 -1.388395904865410146e-01
8.673484446080305110e-01 -1.411025111231879459e-01
8.702482569150051805e-01 -1.433509637004132531e-01
8.731369027771953562e-01 -1.454637233507521110e-01
8.760156917543404642e-01 -1.476878105717747691e-01
8.788859383266384162e-01 -1.499019966678372950e-01
8.817489569742869016e-01 -1.519850592317041060e-01
8.846060572570254577e-01 -1.541840163007162368e-01
8.874585574572243507e-01 -1.563776430074088342e-01
8.903077720030683206e-01 -1.584447144843170174e-01
8.931550153227417743e-01 -1.606322512290111748e-01
8.960016018444294517e-01 -1.628190264729401371e-01
8.988488459963157595e-01 -1.648838134475528738e-01
9.016980660607710751e-01 -1.670736326504196345e-01
9.045505715975350469e-01 -1.692672592140756493e-01
9.074076770868051423e-01 -1.713434682710560375e-01
9.102706920883211206e-01 -1.735492778587018059e-01
9.131409348844531371e-01 -1.757634655697774273e-01
9.160197199033859317e-01 -1.778648027086389138e-01
9.189083615733039112e-01 -1.801003097728564872e-01
9.218081743223917046e-01 -1.823487618949654054e-01
9.247204725788338298e-01 -1.844889342075007876e-01
9.276465746250008859e-01 -1.867678447478036685e-01
9.305877900206321884e-01 -1.890642711086384375e-01
9.335454332459250937e-01 -1.912569865214540366e-01
9.365208138606199162e-01 -1.935930090495981692e-01
9.395152501470862560e-01 -1.961768111158485595e-01
9.426274402452432533e-01 -1.984892260383961105e-01
9.459304550024481006e-01 -2.008100171702838499e-01
9.493756684818935865e-01 -2.031620282081274542e-01
9.528196994753005411e-01 -2.054240342844619593e-01
9.563421899306832064e-01 -2.074420657492568598e-01
9.597767597874636847e-01 -2.096041682513647142e-01
9.630826684296228679e-01 -2.118172890811695630e-01
9.663448108315142449e-01 -2.139571575241857870e-01
9.695263889854995876e-01 -2.161548971386157703e-01
9.724958534146417310e-01 -2.184287809234510824e-01
9.753446739441102853e-01 -2.206530176749184335e-01
9.780426236149101227e-01 -2.229572104619323425e-01
9.804647201965750458e-01 -2.252140407958936608e-01
9.827090046149316027e-01 -2.275515863879841172e-01
9.847518210116419368e-01 -2.299850743901744876e-01
9.864747582568963447e-01 -2.323856677516706881e-01
9.879824283771782012e-01 -2.348799212341374232e-01
9.892577416943481028e-01 -2.374815409671213462e-01
9.901888619814256387e-01 -2.400601625889959290e-01
9.908869723135376173e-01 -2.427408228323673089e-01
9.913415551274608051e-01 -2.455357029761788823e-01
9.914473463111312945e-01 -2.483129176623866397e-01
9.913220999883195494e-01 -2.511959758056345193e-01
9.909618734986310740e-01 -2.541955357613556732e-01
9.902679689102005245e-01 -2.571781916822181158e-01
9.893647114474553028e-01 -2.602659295333489831e-01
9.882547295506578511e-01 -2.634678891079862417e-01
9.868458914681410565e-01 -2.666491353468795067e-01
9.852690973271617247e-01 -2.699301337518745236e-01
9.835335466166255092e-01 -2.733184987324698834e-01
9.815536835539679927e-01 -2.766777761340838970e-01
9.794669755129160604e-01 -2.801269060748225459e-01
9.772891930830331919e-01 -2.836719805738106559e-01
9.749413515824110199e-01 -2.871750230860922182e-01
9.725674894854335895e-01 -2.907534508062632472e-01
9.701899446281353478e-01 -2.944118322968015122e-01
9.677363033772515832e-01 -2.980106656290116285e-01
9.653571790579826839e-01 -3.016658475082015789e-01
9.630814843571786632e-01 -3.053804235473324136e-01
9.608433766902182427e-01 -3.090133707952843478e-01
9.588000366287727783e-01 -3.123909234454652628e-01
9.567652390241878635e-01 -3.158813247017575043e-01
9.547475261512776701e-01 -3.193717262311194793e-01
9.527284987721629239e-01 -3.228621277994915273e-01
9.507166991616574636e-01 -3.263525291728135991e-01
9.487206695945755719e-01 -3.298429325772552212e-01
9.467220108330378636e-01 -3.333333339505772930e-01
9.447292651518586215e-01 -3.368237355189493409e-01
9.427509797463100583e-01 -3.403141370483113715e-01
9.407687477221552408e-01 -3.438045383046035020e-01
9.387911162746662708e-01 -3.472949395869023848e-01
9.368266276786573199e-01 -3.507853411942843391e-01
9.348568826962492251e-01 -3.542757428926895380e-01
9.328904236022559360e-01 -3.577661444480582653e-01
9.309357926714917353e-01 -3.612565456263305830e-01
9.289745906660771269e-01 -3.647469467265828102e-01
9.270153598608262824e-01 -3.682373480478915440e-01
9.250666425305533735e-01 -3.717277493561970680e-01
9.231100394373792373e-01 -3.752181504174393334e-01
9.211540928561176012e-01 -3.787085515306949368e-01
9.192073450615828589e-01 -3.821989529950402531e-01
9.172514017363538885e-01 -3.856893545764156217e-01
9.152948013530728399e-01 -3.891797560407610490e-01
9.133460823843809750e-01 -3.926701571540166524e-01
9.113868505128573938e-01 -3.961605582152588623e-01
9.094256480133166010e-01 -3.996509595235643864e-01
9.074710171605722131e-01 -4.031413608448732311e-01
9.055045587167452892e-01 -4.066317619451254584e-01
9.035348149566498899e-01 -4.101221650504905392e-01
9.015703281550997428e-01 -4.136125660987295949e-01
8.995926990742161289e-01 -4.171029673160117079e-01
8.976104699888127758e-01 -4.205933684682773843e-01
8.956321831737039663e-01 -4.240837693214664084e-01
8.936394393910100931e-01 -4.275741701746554879e-01
8.916407809155457720e-01 -4.310645713269210533e-01
8.896447500221246196e-01 -4.345549725442032218e-01
8.876329485391402097e-01 -4.380453735924422221e-01
8.856139198076794505e-01 -4.415357747707144287e-01
8.835962061025562919e-01 -4.450261783051893127e-01
8.815614081858916817e-01 -4.485165796004914607e-01
8.795180683324995696e-01 -4.520069808827903435e-01
8.774747288171939053e-01 -4.554973819180259120e-01
8.754399319147887493e-01 -4.589877830052749297e-01
8.734222199000978293e-01 -4.624781844436136047e-01
8.714031935352425373e-01 -4.659685859989823320e-01
8.693913950950362679e-01 -4.694589874373210070e-01
8.673953668542936368e-01 -4.729493885245699136e-01
8.653967095751353700e-01 -4.764397895598055932e-01
8.634039655323750839e-01 -4.799301908421044205e-01
8.614256770008270614e-01 -4.834205921374065684e-01
8.594434458088848761e-01 -4.869109912845592802e-01
8.574658152976354364e-01 -4.904013948710475024e-01
8.555013277418924700e-01 -4.938917963744028916e-01
8.535315839037770358e-01 -4.973821980207948079e-01
8.515651260581031945e-01 -5.008725995761635907e-01
8.496104964796847847e-01 -5.043629988793562058e-01
8.476492959306426433e-01 -5.078534025178575995e-01
8.456900666857910531e-01 -5.113438039691995396e-01
8.437413510199437416e-01 -5.148342054595516082e-01
8.417847496952219899e-01 -5.183246067548538116e-01
8.398288049864391924e-01 -5.218150081541825802e-01
8.378820591684098540e-01 -5.253054118837073849e-01
8.359261130032547005e-01 -5.287958133480527012e-01
8.339695087657879036e-01 -5.322862147733881111e-01
8.320207936512816760e-01 -5.357766159256538430e-01
8.300615607654987516e-01 -5.392670171039259941e-01
8.281003573037117871e-01 -5.427574186072813278e-01
8.261457255407345102e-01 -5.462478202016598505e-01
8.241792662386882018e-01 -5.497382216530020127e-01
8.222095216723865896e-01 -5.532286227272475987e-01
8.202450341166436232e-01 -5.567190237234732608e-01
8.182674043335803615e-01 -5.602094249407554294e-01
8.162851745980108653e-01 -5.636998261450343328e-01
8.143068871847487511e-01 -5.671902251751571589e-01
8.123141428559154109e-01 -5.706806286186086874e-01
8.103154838863245724e-01 -5.741710299529210193e-01
8.083194525507904071e-01 -5.776614314042629594e-01
8.063076545318920152e-01 -5.811518327385750693e-01
8.042886283022712135e-01 -5.846422342549337792e-01
8.022709123345693749e-01 -5.881326357192792065e-01
8.002361123113659325e-01 -5.916230368975514686e-01
7.981927705074749468e-01 -5.951134380888269959e-01
7.961494291977102566e-01 -5.986038390590460168e-01
7.941146306568861446e-01 -6.020942401072849615e-01
7.920969171598162273e-01 -6.055846434597133010e-01
7.900778894686214526e-01 -6.090750445209555108e-01
7.880660898581158813e-01 -6.125654455171811730e-01
7.860700606031137960e-01 -6.160558462143304048e-01
7.840714024657358117e-01 -6.195462469114795256e-01
7.820786577207960999e-01 -6.230366479077052988e-01
7.801003686431084994e-01 -6.265270489689475086e-01
7.781181409152523321e-01 -6.300174523213758482e-01
7.761405130098694150e-01 -6.335078533696147929e-01
7.741760233996008989e-01 -6.369982543398337027e-01
7.722062777670265499e-01 -6.404886555311093410e-01
7.702398183869600956e-01 -6.439790567093816032e-01
7.682851875342158188e-01 -6.474694581737269194e-01
7.663239859709143342e-01 -6.509598596900856293e-01
7.643647559718699247e-01 -6.544502610243978502e-01
7.624160398118962068e-01 -6.579406624757399014e-01
7.604594382531144614e-01 -6.614310638100519002e-01
7.585034935703385273e-01 -6.649214653264106101e-01
7.565567480383823540e-01 -6.684118667907560374e-01
7.546008024193667785e-01 -6.719022679690282995e-01
7.526441989881060834e-01 -6.753926691603038268e-01
7.506954800194142186e-01 -6.788830701305228477e-01
7.487362473416845354e-01 -6.823734711787616813e-01
7.467750442960039425e-01 -6.858638726040972022e-01
7.448204131571865005e-01 -6.893542741724693057e-01
7.428539546873528243e-01 -6.928446756498179981e-01
7.408842111613173076e-01 -6.963350768020836190e-01
7.389197248538935670e-01 -6.998254779283423765e-01
7.369420965272028834e-01 -7.033158793276712561e-01
7.349598684560590955e-01 -7.068062807660100422e-01
7.329815829152759310e-01 -7.102966844695279836e-01
7.309888406669745597e-01 -7.137870858428501109e-01
7.289901839859691535e-01 -7.172774871121456730e-01
7.269941551470734398e-01 -7.207678885764909893e-01
7.249823549124084776e-01 -7.242582900018266212e-01
7.229633255567879946e-01 -7.277486936143213736e-01
7.209456142754847585e-01 -7.312390948186002770e-01
7.189108141742615032e-01 -7.347294958408324694e-01
7.168674724483904415e-01 -7.382198969800946031e-01
7.148241313726857449e-01 -7.417102980023270176e-01
7.128867169336954301e-01 -7.452006992066059210e-01
7.108433766902035877e-01 -7.486910984317787232e-01
7.088000366287582343e-01 -7.521814998051006285e-01
7.067652390241734306e-01 -7.556719011654196017e-01
7.047475261512631262e-01 -7.591623022786749830e-01
7.027284987721482690e-01 -7.626527034439440911e-01
7.007166991616428087e-01 -7.661431049603026899e-01
6.987206695945609169e-01 -7.696335065936913411e-01
6.967220108330232087e-01 -7.731239081100500510e-01
6.947292651518440776e-01 -7.766143092753188260e-01
6.927509797462955143e-01 -7.801047103885744294e-01
6.907687477221405858e-01 -7.835951117488931805e-01
6.887911162746516158e-01 -7.870855131222154188e-01
6.868266276786426650e-01 -7.905759167347100602e-01
6.848568826962345701e-01 -7.940663179910023572e-01
6.828904236022412810e-01 -7.975567191172613368e-01
6.809357926714770803e-01 -8.010471204125633182e-01
6.789745906660624719e-01 -8.045375216428489740e-01
6.770153598608118495e-01 -8.080279250342872199e-01
6.750666425305389406e-01 -8.115183240644100460e-01
6.731100394373646933e-01 -8.150087253207023430e-01
6.711540928561031683e-01 -8.184991266420110767e-01
6.692073450615683150e-01 -8.219895277942766976e-01
6.672514017363393446e-01 -8.254799290765754138e-01
6.652948013530582960e-01 -8.289703307879838778e-01
6.633460823843663201e-01 -8.324607326944424290e-01
6.613868505128429609e-01 -8.359511345618910738e-01
6.594256480133020570e-01 -8.394415361562697075e-01
6.574710171605576692e-01 -8.429319377766550936e-01
6.555045587167307453e-01 -8.464223397221234402e-01
6.535348149566352349e-01 -8.499127417586150868e-01
6.515703281550851989e-01 -8.534031436520701508e-01
6.495926990742014739e-01 -8.568935451684289717e-01
6.476104699887981209e-01 -8.603839466067676467e-01
6.456321831736893113e-01 -8.638743482661629391e-01
6.436394393909955491e-01 -8.673647499125549665e-01
6.416407809155311170e-01 -8.708551513118838461e-01
6.396447500221098537e-01 -8.743455522300893623e-01
6.376329485391256657e-01 -8.778359529662485006e-01
6.356139198076647956e-01 -8.813263538194375801e-01
6.335962061025418590e-01 -8.848167545555968294e-01
6.315614081858771378e-01 -8.883071574008953863e-01
6.295180683324851367e-01 -8.917975582930944833e-01
6.274747288171793613e-01 -8.952879594583633693e-01
6.254399319147740943e-01 -8.987783606626420507e-01
6.234222199000832854e-01 -9.022687616718712000e-01
6.214031935352277713e-01 -9.057591647122197331e-01
6.193913950950218350e-01 -9.092495657214487714e-01
6.173953668542790929e-01 -9.127399669257276749e-01
6.153967095751204930e-01 -9.162303680909964498e-01
6.134039655323604290e-01 -9.197207689831954358e-01
6.114256770008124064e-01 -9.232111699014011741e-01
6.094434458088703321e-01 -9.267015711446899839e-01
6.074658152976208925e-01 -9.301919724790020938e-01
6.055013277418779261e-01 -9.337952223023957554e-01
6.035315839037624919e-01 -9.375944720044765424e-01
6.016625097698228286e-01 -9.414190040859024000e-01
5.997796366105769827e-01 -9.453565368057239571e-01
5.978658794082774008e-01 -9.493537695601181881e-01
5.960284783696033761e-01 -9.532475945988496679e-01
5.941542789852046758e-01 -9.571333492118494490e-01
5.922275104574646898e-01 -9.609653436106742053e-01
5.903567272131947652e-01 -9.645880871488754504e-01
5.884300851089895312e-01 -9.681045292997141338e-01
5.864331324358094122e-01 -9.713637506475023553e-01
5.844757377885834160e-01 -9.744732694620388269e-01
5.824473799666689544e-01 -9.773995788618398128e-01
5.803349127585266665e-01 -9.799993716405528410e-01
5.782495190312300082e-01 -9.823877807115354299e-01
5.760819869358227985e-01 -9.845389187313138279e-01
5.738204883350828123e-01 -9.863170912100014398e-01
5.715775203162148932e-01 -9.878450457045140354e-01
5.692451813962083884e-01 -9.891045089818002456e-01
5.668129625264174409e-01 -9.899674006623957467e-01
5.643946749621654435e-01 -9.905640854070035806e-01
5.618837352427451526e-01 -9.908839007979516333e-01
5.592709436191839467e-01 -9.908063835595638524e-01
5.566714255669360512e-01 -9.904695105358720664e-01
5.539799118454260540e-01 -9.898702377809420749e-01
5.511885218462708735e-01 -9.888957166626557438e-01
5.484136914628841009e-01 -9.876915367675178636e-01
5.455514618726488019e-01 -9.862622668920657532e-01
5.425952666873133934e-01 -9.845026730477405286e-01
5.396628598225953199e-01 -9.825659638259197637e-01
5.366516004781812788e-01 -9.804643207396078752e-01
5.336805567899201019e-01 -9.781001244438031206e-01
5.306484021776303184e-01 -9.756341976403062333e-01
5.275511937728644130e-01 -9.730863359525429024e-01
5.245093139316024944e-01 -9.703665371392994343e-01
5.214227502937942571e-01 -9.676432347177563731e-01
5.182888703569379363e-01 -9.649438414151260135e-01
5.152293755655902308e-01 -9.621859671735250030e-01
5.121455677278189400e-01 -9.595456645150068908e-01
5.090361372838845266e-01 -9.570579608103433333e-01
5.060240911758440152e-01 -9.546480782109860730e-01
5.030120454839099864e-01 -9.523556128842448620e-01
5.000000000000291989e-01 -9.500463954248962173e-01
4.969879545161484113e-01 -9.477303249917974348e-01
4.939759088242143270e-01 -9.454173007438058107e-01
4.909638627161738711e-01 -9.430859994475870867e-01
4.879518121297879429e-01 -9.407463221630845140e-01
4.849397617254486703e-01 -9.384081699502417884e-01
4.819277112430893628e-01 -9.360502195757244293e-01
4.789156604226436076e-01 -9.336823701983897328e-01
4.759036139245034214e-01 -9.313145209770947730e-01
4.728915676864297035e-01 -9.289565710706971791e-01
4.698795215003692682e-01 -9.266184171778247824e-01
4.668674751582689297e-01 -9.242787423535515634e-01
4.638554284520755022e-01 -9.219474432965054644e-01
4.608433773195498850e-01 -9.196344191655438927e-01
4.578313264210842615e-01 -9.173183491875617213e-01
4.548192754966118856e-01 -9.150091325214158022e-01
4.518072242860663446e-01 -9.127166683259638758e-01
4.487951774498397106e-01 -9.104196352949640580e-01
4.457831309256927721e-01 -9.081279320541375544e-01
4.427710845055725097e-01 -9.058514577623415498e-01
4.397590379814255157e-01 -9.035688916464706955e-01
4.367469911451988818e-01 -9.012901328653823985e-01
4.337349399346533407e-01 -8.990250805779341770e-01
4.307228890101809649e-01 -8.967524115507912175e-01
4.277108381117153413e-01 -8.944820268438971045e-01
4.246987869791898351e-01 -8.922238275171953115e-01
4.216867402729962411e-01 -8.899564903373520242e-01
4.186746939308960136e-01 -8.876899144632235394e-01
4.156626477448355228e-01 -8.854339990536678195e-01
4.126506015067618049e-01 -8.831674233355790715e-01
4.096385550086215632e-01 -8.809000864678154796e-01
4.066265041881758080e-01 -8.786418851490043203e-01
4.036144537058166115e-01 -8.763715024342197957e-01
4.006024033014773389e-01 -8.740988350220898484e-01
3.975903527150913552e-01 -8.718337820714718855e-01
3.945783066070508993e-01 -8.695550228092606693e-01
3.915662609151168705e-01 -8.672724563943134957e-01
3.885542154312360275e-01 -8.649959819854874388e-01
3.855421699473552399e-01 -8.627042763494482402e-01
3.825301242554211556e-01 -8.604072405461394846e-01
3.795180742931950069e-01 -8.581147756355046452e-01
3.765060247210684219e-01 -8.558055583842092418e-01
3.734939752789752099e-01 -8.534894879511103483e-01
3.704819257068488469e-01 -8.511764634950655939e-01
3.674698757446226427e-01 -8.488451661700624484e-01
3.644578300526885029e-01 -8.465054927007357177e-01
3.614457845688077153e-01 -8.441673398117200966e-01
3.584337390849268723e-01 -8.418093886570032769e-01
3.554216933929927880e-01 -8.394415383954424437e-01
3.524096472849523876e-01 -8.370736881858947820e-01
3.493975966985665149e-01 -8.347157371872178100e-01
3.463855462942271868e-01 -8.323775845582686017e-01
3.433734958118678793e-01 -8.300379089928057175e-01
3.403614449914221796e-01 -8.277066091165501405e-01
3.373493984932819933e-01 -8.253935840883590558e-01
3.343373522552082200e-01 -8.230775131351273366e-01
3.313253060691478402e-01 -8.207682954157120570e-01
3.283132597270475017e-01 -8.184758300889707350e-01
3.253012130208540187e-01 -8.161787939215686682e-01
3.222891618883284015e-01 -8.138870879734497743e-01
3.192771109898627779e-01 -8.116106133045574156e-01
3.162650600653904021e-01 -8.093280466815568897e-01
3.132530088548449165e-01 -8.070492872633057146e-01
3.102409620186182271e-01 -8.047842342086611866e-01
3.072289154944712886e-01 -8.025115667445179568e-01
3.042168690743510262e-01 -8.002411840297334322e-01
3.012048225502040877e-01 -7.979829827629355554e-01
2.981927757139773982e-01 -7.957156459991983066e-01
2.951807245034319127e-01 -7.934490704371498504e-01
2.921686735789595368e-01 -7.911931552356472608e-01
2.891566226804938577e-01 -7.889265796215855220e-01
2.861445715479682406e-01 -7.866592427538217080e-01
2.831325248417748131e-01 -7.844010457183060447e-01
2.801204784996745301e-01 -7.821306609203887428e-01
2.771084323136140948e-01 -7.798579918802424071e-01
2.740963860755403214e-01 -7.775929396578106223e-01
2.710843395774001352e-01 -7.753141810197591299e-01
2.680722887569543800e-01 -7.730316151249448930e-01
2.650602382745951280e-01 -7.707551411322253188e-01
2.620481878702557998e-01 -7.684634401955880989e-01
2.590361372838699272e-01 -7.661664090396679283e-01
2.560240911758294713e-01 -7.638739424620066831e-01
2.530120454838954425e-01 -7.615647259779074751e-01
2.500000000000145994e-01 -7.592486562859982469e-01
2.469879545161337564e-01 -7.569356325451362943e-01
2.439759088241996998e-01 -7.546043315219874703e-01
2.409638627161592439e-01 -7.522646542764948041e-01
2.379518121297733713e-01 -7.499265018686022133e-01
2.349397617254340709e-01 -7.475685510649749954e-01
2.319277112430748189e-01 -7.452007010244708907e-01
2.289156604226290637e-01 -7.428328509059466400e-01
2.259036139244888497e-01 -7.404748998682596506e-01
2.228915676864151041e-01 -7.381367470702672184e-01
2.198795215003546411e-01 -7.357970692786349742e-01
2.168674751582543581e-01 -7.334657675533062804e-01
2.138554284520608473e-01 -7.311527429542251655e-01
2.108433773195353411e-01 -7.288366722480564830e-01
2.078313264210696065e-01 -7.265274545936579731e-01
2.048192754965972862e-01 -7.242349891498864878e-01
2.018072242860518006e-01 -7.219379570707303850e-01
1.987951774498250557e-01 -7.196462550808236935e-01
1.957831309256781727e-01 -7.173697779777087336e-01
1.927710845055578825e-01 -7.150872112766882838e-01
1.897590379814109995e-01 -7.128084516763905087e-01
1.867469911451842823e-01 -7.105433983356727046e-01
1.837349399346387691e-01 -7.082707304814297444e-01
1.807228890101664209e-01 -7.060003472725189244e-01
1.777108381117007418e-01 -7.037421497948902482e-01
1.746987869791751802e-01 -7.014748104538938156e-01
1.716867402729816972e-01 -6.992082327697025645e-01
1.686746939308813864e-01 -6.969523178022598575e-01
1.656626477448209789e-01 -6.946857423182311031e-01
1.626506015067472610e-01 -6.924184054764740415e-01
1.596385550086070193e-01 -6.901602039756163931e-01
1.566265041881612363e-01 -6.878898233309612698e-01
1.536144537058019566e-01 -6.856171583400505476e-01
1.506024033014626562e-01 -6.833521038004263248e-01
1.475903527150768113e-01 -6.810733452273913802e-01
1.445783066070363554e-01 -6.787907793195737671e-01
1.415662609151022711e-01 -6.765143052358308928e-01
1.385542154312214558e-01 -6.742225997428283879e-01
1.355421699473406405e-01 -6.719255639005095038e-01
1.325301242554066117e-01 -6.696331012290475115e-01
1.295180742931803519e-01 -6.673238841337917338e-01
1.265060247210539057e-01 -6.650078137006930623e-01
1.234939752789607076e-01 -6.626947890886083492e-01
1.204819257068342475e-01 -6.603634895244325786e-01
1.174698757446079878e-01 -6.580238141670230467e-01
1.144578300526739589e-01 -6.556856597150075849e-01
1.114457845687931298e-01 -6.533277092234601735e-01
1.084337390849123006e-01 -6.509598593910090880e-01
1.054216933929782440e-01 -6.485920093765114025e-01
1.024096472849378020e-01 -6.463469069709424364e-01
9.939759669855191548e-02 -6.439790570604713160e-01
9.638554629421258735e-02 -6.416112093631664015e-01
9.337349581185333536e-02 -6.392532606036620546e-01
9.036144499140759401e-02 -6.369151055795001515e-01
8.734939849326735228e-02 -6.345754298059842480e-01
8.433735225519363443e-02 -6.322441299817418425e-01
8.132530606913321303e-02 -6.299311052656306753e-01
7.831325972703286065e-02 -6.276150324243158218e-01
7.530121302083941925e-02 -6.253058125177413107e-01
7.228916188831385758e-02 -6.230133490660795248e-01
6.927711098984816462e-02 -6.207163125475879673e-01
6.626506006537583038e-02 -6.184246064824389100e-01
6.325300885483030322e-02 -6.161481319305763815e-01
6.024096201860360683e-02 -6.138655656586656795e-01
5.722891549445670301e-02 -6.115868068255642109e-01
5.421686907433642677e-02 -6.093217521298999184e-01
5.120482062309664184e-02 -6.070490870869760247e-01
4.819277236690674288e-02 -6.047787064943341839e-01
4.518072407170688892e-02 -6.025205051495163833e-01
4.216867550343717658e-02 -6.002531685678258455e-01
3.915662450094487684e-02 -5.979865934478904022e-01
3.614457326439272228e-02 -5.957306789485674603e-01
3.313252645417265330e-02 -5.934641018365223175e-01
3.012048000804571496e-02 -5.911967631716990024e-01
2.710843371795868678e-02 -5.889385664742698978e-01
2.409638544876546717e-02 -5.866681841495849925e-01
2.108433742663544386e-02 -5.843955172835948453e-01
1.807228941750874465e-02 -5.821304650351564192e-01
1.506024118732550605e-02 -5.798517066311648094e-01
1.204819250202586109e-02 -5.775691412304768679e-01
9.036141200457072087e-03 -5.752926655317209814e-01
6.024094403240335890e-03 -5.730009625899709080e-01
3.012048048136677612e-03 -5.707039291038548123e-01
1.927092882698496649e-09 -5.684114642322298794e-01
-3.012046095037142646e-03 -5.661022472019908713e-01
-6.024093792084023700e-03 -5.637861771719953063e-01
-9.036141398107624262e-03 -5.614731552281930771e-01
-1.204818914716780653e-02 -5.591418537759345053e-01
-1.506023727332444009e-02 -5.568021763353919740e-01
-1.807228793773026781e-02 -5.544640239665094006e-01
-2.108433894022256755e-02 -5.521060734359520827e-01
-2.409638562040936766e-02 -5.497382239025774275e-01
-2.710843204052966124e-02 -5.473703720650133775e-01
-3.012048033572952213e-02 -5.450124189832036281e-01
-3.313252827983959731e-02 -5.426742662502279657e-01
-3.614457610691973466e-02 -5.403345906327517989e-01
-3.915662405102979943e-02 -5.380032907564961109e-01
-4.216867234622967420e-02 -5.356902657803185308e-01
-4.518072315367208797e-02 -5.333741949311131547e-01
-4.819277427319430818e-02 -5.310649773677378338e-01
-5.120482104440439441e-02 -5.287725097888205106e-01
-5.421686752954131550e-02 -5.264754777096642968e-01
-5.722891393665827803e-02 -5.241837759278108466e-01
-6.024096240090137666e-02 -5.219073011678951879e-01
-6.325301069610125837e-02 -5.196247345839045684e-01
-6.626505905631774329e-02 -5.173459753346967283e-01
-6.927710771561072789e-02 -5.150809225791286305e-01
-7.228915637490372637e-02 -5.128082530838659059e-01
-7.530120473512021129e-02 -5.105378679088521388e-01
-7.831325303032009300e-02 -5.082796705742600452e-01
-8.132530149456318469e-02 -5.060123334854397248e-01
-8.433734790168015416e-02 -5.037457577283412924e-01
-8.734939631390994941e-02 -5.014898424618219330e-01
-9.036144450508321047e-02 -4.992232669127767974e-01
-9.337349270925979217e-02 -4.969559302400628487e-01
-9.638554116049956322e-02 -4.946977291423082512e-01
-9.939758763263316366e-02 -4.924273466745869299e-01
-1.024096361878995554e-01 -4.901546795355269381e-01
-1.054216846001293506e-01 -4.878896268839854611e-01
-1.084337331033824320e-01 -4.856108679468573164e-01
-1.114457819317186543e-01 -4.833283018829999111e-01
-1.144578307860615318e-01 -4.810518278512703194e-01
-1.174698793673345648e-01 -4.787601245454271570e-01
-1.204819279095976081e-01 -4.764630905911913517e-01
-1.234939766469105860e-01 -4.741706251474200884e-01
-1.265060233531040135e-01 -4.718614074410082404e-01
-1.295180720904169636e-01 -4.695453366308129373e-01
-1.325301206326800207e-01 -4.672323094154624545e-01
-1.355421692139530676e-01 -4.649010093831668633e-01
-1.385542180682959312e-01 -4.625613337656907520e-01
-1.415662668966321536e-01 -4.602231811887549373e-01
-1.445783153998852488e-01 -4.578652303461178685e-01
-1.475903638121150163e-01 -4.554973803966367862e-01
-1.506024123673814219e-01 -4.531295304991690420e-01
-1.536144588395150223e-01 -4.507715798125718765e-01
-1.566265072907548073e-01 -4.484334274957025857e-01
-1.596385554949313890e-01 -4.460937522423195634e-01
-1.626506036861046500e-01 -4.437624526781437373e-01
-1.656626520983344453e-01 -4.414494279620325146e-01
-1.686746985054514147e-01 -4.391333573208804908e-01
-1.716867469696945203e-01 -4.368241399135451286e-01
-1.746987952648943743e-01 -4.345316748988835576e-01
-1.777108436251108869e-01 -4.322346390435615193e-01
-1.807228922844038577e-01 -4.299429334075224318e-01
-1.837349409436968561e-01 -4.276664590507097685e-01
-1.867469893039133133e-01 -4.253838927397889935e-01
-1.897590375991132228e-01 -4.231051336336176805e-01
-1.927710860633563006e-01 -4.208400808910529034e-01
-1.957831324704732701e-01 -4.185674137389895355e-01
-1.987951808827030376e-01 -4.162970313362847619e-01
-2.018072290738763541e-01 -4.140388303815668580e-01
-2.048192772780529358e-01 -4.117714939299094712e-01
-2.078313257292926652e-01 -4.095049186799407659e-01
-2.108433741285191676e-01 -4.072490037905179272e-01
-2.138554221766558461e-01 -4.049824284885358838e-01
-2.168674701077625833e-01 -4.027150919328519874e-01
-2.198795181558992895e-01 -4.004568932823232563e-01
-2.228915665551257641e-01 -3.981865112307083621e-01
-2.259036150063655213e-01 -3.959138444037281213e-01
-2.289156632105421307e-01 -3.936487919602398855e-01
-2.319277114017153918e-01 -3.913700331271384170e-01
-2.349397598139451870e-01 -3.890874670632809007e-01
-2.379518062210621565e-01 -3.868109929275246883e-01
-2.409638546853052343e-01 -3.845192874865354660e-01
-2.439759029805050883e-01 -3.822222518002565961e-01
-2.469879513407216287e-01 -3.799297869286317741e-01
-2.500000000000145994e-01 -3.776205696383262422e-01
-2.530120486593075979e-01 -3.753044990881975740e-01
-2.560240970195241106e-01 -3.729914744371029545e-01
-2.590361453147239645e-01 -3.706601749119370903e-01
-2.620481937789670424e-01 -3.683204996715573887e-01
-2.650602401860839841e-01 -3.659823473416847772e-01
-2.680722885983138348e-01 -3.636243966160775942e-01
-2.710843367894870681e-01 -3.612565466535932468e-01
-2.740963849936636776e-01 -3.588886966130888645e-01
-2.771084334449034348e-01 -3.565307456534219099e-01
-2.801204818441299094e-01 -3.541925929334494016e-01
-2.831325298922665601e-01 -3.518529152198371368e-01
-2.861445778233733250e-01 -3.495216135725285889e-01
-2.891566258715100313e-01 -3.472085890514672313e-01
-2.921686742707364504e-01 -3.448925184233185837e-01
-2.951807227219762075e-01 -3.425833008469399421e-01
-2.981927709261528170e-01 -3.402908354811886027e-01
-3.012048191173261058e-01 -3.379938015529593831e-01
-3.042168675295559011e-01 -3.357020982211096349e-01
-3.072289139366728428e-01 -3.334256241113600083e-01
-3.102409624009159761e-01 -3.311430579174693967e-01
-3.132530106961158300e-01 -3.288642987982947075e-01
-3.162650590563322872e-01 -3.265992459126933478e-01
-3.192771077156253412e-01 -3.243265784875601354e-01
-3.222891563749183397e-01 -3.220561956817523108e-01
-3.253012047351347968e-01 -3.197979966541272256e-01
-3.283132530303346508e-01 -3.175306600984432182e-01
-3.313253014945778396e-01 -3.152640846404213271e-01
-3.343373479016947813e-01 -3.130081694389187374e-01
-3.373493963139245211e-01 -3.107415937208302670e-01
-3.403614445050978099e-01 -3.084742566450132673e-01
-3.433734927092744194e-01 -3.062160573703249233e-01
-3.463855411605141765e-01 -3.039456726634309214e-01
-3.493975876326477215e-01 -3.016730035842746238e-01
-3.524096361879141548e-01 -2.994079511927996706e-01
-3.554216846001439500e-01 -2.971291922556715259e-01
-3.584337331033969898e-01 -2.948466259317475413e-01
-3.614457819317332121e-01 -2.925701513798850129e-01
-3.644578307860761313e-01 -2.902784478269786472e-01
-3.674698793673492059e-01 -2.879814144318858515e-01
-3.704819279096121520e-01 -2.856889498203274425e-01
-3.734939766469251854e-01 -2.833797326860618693e-01
-3.765060233531186684e-01 -2.810636621879464836e-01
-3.795180720904315907e-01 -2.787506374848384705e-01
-3.825301206326945924e-01 -2.764193378036327586e-01
-3.855421692139676115e-01 -2.740796623031865331e-01
-3.885542180683104752e-01 -2.717415076821279030e-01
-3.915662668966466975e-01 -2.693835569955307374e-01
-3.945783153998998483e-01 -2.670157069420230345e-01
-3.975903638121295880e-01 -2.646478566804622012e-01
-4.006024123673960213e-01 -2.622899053697053673e-01
-4.036144588395296218e-01 -2.599517521686099397e-01
-4.066265072907693789e-01 -2.576120763040705697e-01
-4.096385554949459884e-01 -2.552807769349446643e-01
-4.126506036861191662e-01 -2.529677526869530957e-01
-4.156626520983490169e-01 -2.506516822538543687e-01
-4.186746985054660142e-01 -2.483424647945056685e-01
-4.216867469697090920e-01 -2.460499994677643187e-01
-4.246987952649090015e-01 -2.437529655005251650e-01
-4.277108436251255141e-01 -2.414612620516454200e-01
-4.307228922844184016e-01 -2.391847858197531373e-01
-4.337349409437113446e-01 -2.369022198599222695e-01
-4.367469893039279683e-01 -2.346234608707808422e-01
-4.397590375991278222e-01 -2.323584080111861516e-01
-4.427710860633709000e-01 -2.300857405080329876e-01
-4.457831324704878417e-01 -2.278153575201786185e-01
-4.487951789556248183e-01 -2.255571582064803127e-01
-4.518072276539277787e-01 -2.232898193336037007e-01
-4.548192763392273075e-01 -2.210232419614922283e-01
-4.578313271726763833e-01 -2.187673271500893968e-01
-4.608433754938829341e-01 -2.165007516660608367e-01
-4.638554234639996610e-01 -2.142334146682637608e-01
-4.668674713170865020e-01 -2.119752153155554653e-01
-4.698795192872032289e-01 -2.097048328348307955e-01
-4.728915676084097797e-01 -2.074321663849470476e-01
-4.759036140545366833e-01 -2.051671145916250383e-01
-4.789156626878229850e-01 -2.028883561486233278e-01
-4.819277112820993247e-01 -2.006057902147991012e-01
-4.849397619985184038e-01 -1.983293159490097379e-01
-4.879518101766884275e-01 -1.960376125781499446e-01
-4.909638579777619305e-01 -1.937405792610770450e-01
-4.939759056357988509e-01 -1.914481126964190927e-01
-4.969879533848589603e-01 -1.891388959392500402e-01
-5.000000014590023634e-01 -1.868228256881978022e-01
-5.030120476320594225e-01 -1.843969524700018459e-01
-5.060240959662691829e-01 -1.817568019607981589e-01
-5.090361442354623955e-01 -1.790829954791784417e-01
-5.121455763854332321e-01 -1.762977117637963276e-01
-5.152293791857160965e-01 -1.734329298781734086e-01
-5.182888709186815879e-01 -1.706616559642065989e-01
-5.214227472900260230e-01 -1.678984521898981563e-01
-5.245093117496444357e-01 -1.653117564337435175e-01
-5.276485766835938840e-01 -1.628115639943001347e-01
-5.307201573016717688e-01 -1.604176729552226621e-01
-5.337279983994182020e-01 -1.582909021901326152e-01
-5.367734265570148766e-01 -1.563336323540289452e-01
-5.397373736386131826e-01 -1.545580487880941489e-01
-5.426250967327916896e-01 -1.531173576234773903e-01
-5.455392341796343469e-01 -1.519063248716192305e-01
-5.483620339645097763e-01 -1.509295174019645025e-01
-5.511000692972145565e-01 -1.503325291623333060e-01
-5.538572927379635802e-01 -1.500025115206075621e-01
-5.565172621309417700e-01 -1.499364161695374009e-01
-5.590878668331700219e-01 -1.502722218802479692e-01
-5.616743736249940611e-01 -1.508894634499699239e-01
-5.641616570309599954e-01 -1.517774828223467098e-01
-5.665589168000402243e-01 -1.530666421978521541e-01
-5.689727363929422133e-01 -1.546288636572513420e-01
-5.712893020941129940e-01 -1.564458701393137419e-01
-5.735191297737435301e-01 -1.586404116611838944e-01
-5.757701146264360137e-01 -1.610767931998393077e-01
-5.779297614920783088e-01 -1.637291268786700005e-01
-5.800098985078926406e-01 -1.667125456110329085e-01
-5.821197375228356341e-01 -1.698837402634832683e-01
-5.841480975969259859e-01 -1.732092088489890769e-01
-5.861081186532952625e-01 -1.767964696373488243e-01
-5.881103267870376738e-01 -1.804945983184228497e-01
-5.900448528440811469e-01 -1.842624758013915454e-01
-5.919261528947810103e-01 -1.882000081467173347e-01
-5.938660647941338411e-01 -1.921486588349249069e-01
-5.957560360424215551e-01 -1.960596941316360420e-01
-5.976118374372607622e-01 -2.000254030195321442e-01
-5.995466234880014733e-01 -2.038796324344932243e-01
-6.014531539879645061e-01 -2.075660339985824776e-01
-6.033485139548971921e-01 -2.111692839520091791e-01
-6.053471721182818177e-01 -2.146596850522615174e-01
-6.073432000313407908e-01 -2.181500881576265982e-01
-6.093550007601321594e-01 -2.216404892058655707e-01
-6.113740295696128424e-01 -2.251308904231477670e-01
-6.133917441849687791e-01 -2.286212915754133324e-01
-6.154265433109427086e-01 -2.321116924286024397e-01
-6.174698841395843685e-01 -2.356020932817914915e-01
-6.195132243960795870e-01 -2.390924944340570846e-01
-6.215480218056144146e-01 -2.425828956513392809e-01
-6.235657340933752346e-01 -2.460732966995782256e-01
-6.255847604972405440e-01 -2.495636998049433342e-01
-6.275965587423967262e-01 -2.530541009051955892e-01
-6.295925865540296096e-01 -2.565445022265043784e-01
-6.315912431700185792e-01 -2.600349035348099025e-01
-6.335839863155492413e-01 -2.635253045960521678e-01
-6.355622737158078683e-01 -2.670157057093077713e-01
-6.375445040755370885e-01 -2.705061071736531986e-01
-6.395221345867866392e-01 -2.739965087550285117e-01
-6.414866229747423487e-01 -2.774869102193739390e-01
-6.434563660170542487e-01 -2.809773113326294869e-01
-6.454228233399945669e-01 -2.844677123938718077e-01
-6.473774545698354199e-01 -2.879581137021772763e-01
-6.493386564842266173e-01 -2.914485150234860655e-01
-6.512978868083542094e-01 -2.949389161237383483e-01
-6.532466032674042467e-01 -2.984293173020106105e-01
-6.552032050992558920e-01 -3.019197188573792268e-01
-6.571591500290953070e-01 -3.054101205557844811e-01
-6.591058957821079867e-01 -3.089005221631664355e-01
-6.610618415961732053e-01 -3.123909234454652628e-01
-6.630184451964771242e-01 -3.158813247017575043e-01
-6.649671618479763291e-01 -3.193717262311194793e-01
-6.669263946167293122e-01 -3.228621277994915273e-01
-6.688875987676927704e-01 -3.263525291728135991e-01
-6.708422295658231782e-01 -3.298429325772552212e-01
-6.728086900771788059e-01 -3.333333339505772930e-01
-6.747784355667166833e-01 -3.368237355189493409e-01
-6.767429237596224167e-01 -3.403141370483113715e-01
-6.787205538937755023e-01 -3.438045383046035020e-01
-6.807027836943616572e-01 -3.472949395869023848e-01
-6.826810708865671540e-01 -3.507853411942843391e-01
-6.846738147082708226e-01 -3.542757428926895380e-01
-6.866724728846587134e-01 -3.577661444480582653e-01
-6.886685031409169877e-01 -3.612565456263305830e-01
-6.906803022546953441e-01 -3.647469467265828102e-01
-6.926993298522660103e-01 -3.682373480478915440e-01
-6.947170455599014360e-01 -3.717277493561970680e-01
-6.967518436950218552e-01 -3.752181504174393334e-01
-6.987951838838999397e-01 -3.787085515306949368e-01
-7.008385257528074730e-01 -3.821989529950402531e-01
-7.027759408549671960e-01 -3.856893545764156217e-01
-7.048192816315956843e-01 -3.891797560407610490e-01
-7.068626220961440332e-01 -3.926701571540166524e-01
-7.088974199737987369e-01 -3.961605582152588623e-01
-7.109151329897455129e-01 -3.996509595235643864e-01
-7.129341603818637463e-01 -4.031413608448732311e-01
-7.149459598753391543e-01 -4.066317619451254584e-01
-7.169419891953580093e-01 -4.101221650504905392e-01
-7.189406470466628285e-01 -4.136125660987295949e-01
-7.209333906213032384e-01 -4.171029673160117079e-01
-7.229116776444654002e-01 -4.205933684682773843e-01
-7.248939073540283662e-01 -4.240837693214664084e-01
-7.268715374751781866e-01 -4.275741701746554879e-01
-7.288360232728713362e-01 -4.310645713269210533e-01
-7.308057678131664181e-01 -4.345549725442032218e-01
-7.327722263610200182e-01 -4.380453735924422221e-01
-7.347268566416180757e-01 -4.415357747707144287e-01
-7.366880578928396428e-01 -4.451390250102143509e-01
-7.386472878398707698e-01 -4.487125803634050003e-01
-7.406933879196317960e-01 -4.522579591584213188e-01
-7.427217463657060925e-01 -4.562280830005076560e-01
-7.447251351234105421e-01 -4.602799893070770865e-01
-7.467937098497972048e-01 -4.643618965696376666e-01
-7.489215542500855527e-01 -4.684250710538113149e-01
-7.508823616747801744e-01 -4.724238267993332574e-01
-7.528919271994849449e-01 -4.763155193316443436e-01
-7.549456487235438606e-01 -4.800605549436644526e-01
-7.569159175033209896e-01 -4.836223814140186983e-01
-7.588968318042484951e-01 -4.869674962225384873e-01
-7.607890366884219047e-01 -4.900654383347609611e-01
-7.625905609296707022e-01 -4.928887974837022901e-01
-7.643968170135586604e-01 -4.954132048880834360e-01
-7.662071479340468727e-01 -4.976173395407396671e-01
-7.678978856807999742e-01 -4.994829282086195033e-01
-7.694696893950035976e-01 -5.009947391443766440e-01
-7.710475390809543583e-01 -5.021405913681441513e-01
-7.725090809744555864e-01 -5.029113453857604332e-01
-7.739536677872422832e-01 -5.033009094771773162e-01
-7.753845871007625234e-01 -5.033062396964602669e-01
-7.765847298533412602e-01 -5.029273360436092855e-01
-7.777790881752657537e-01 -5.021672424645589050e-01
-7.789722638421084921e-01 -5.010320506793572992e-01
-7.800458456980533528e-01 -4.995309001821659489e-01
-7.811031315234459038e-01 -4.976759719528521253e-01
-7.819296406708667879e-01 -4.954824977387617957e-01
-7.827529961450888640e-01 -4.929687507729464402e-01
-7.835804262348543547e-01 -4.901560520625710682e-01
-7.842961482246101346e-01 -4.870687703889144959e-01
-7.850060883349641028e-01 -4.837343160189605529e-01
-7.856227190500508772e-01 -4.801831499871722087e-01
-7.861558965657393649e-01 -4.764487748137180012e-01
-7.867128613227688527e-01 -4.725677427199728164e-01
-7.873047842702762811e-01 -4.685796474130167755e-01
-7.878198253531021322e-01 -4.645271333674089731e-01
-7.882704697405140681e-01 -4.604558865434143500e-01
-7.887935253659783541e-01 -4.564146406754108209e-01
-7.892784682955533704e-01 -4.524551772718903297e-01
-7.898364816043657033e-01 -4.486323217872791314e-01
-7.903852951642053037e-01 -4.448598750578576233e-01
-7.909400225585960786e-01 -4.413100775064784931e-01
-7.914888358583691552e-01 -4.380453735924422221e-01
-7.921442323587828405e-01 -4.345549725442032218e-01
-7.927983146390650271e-01 -4.310645713269210533e-01
-7.933431852784440519e-01 -4.275741701746554879e-01
-7.938913415721777778e-01 -4.240837693214664084e-01
-7.945552808155251778e-01 -4.205933684682773843e-01
-7.952271055877139228e-01 -4.171029673160117079e-01
-7.958963021797064163e-01 -4.136125660987295949e-01
-7.964549731707308844e-01 -4.101221650504905392e-01
-7.970156158560454118e-01 -4.066317619451254584e-01
-7.976907275309084167e-01 -4.031413608448732311e-01
-7.983724107745482357e-01 -3.996509595235643864e-01
-7.990501518779264956e-01 -3.961605582152588623e-01
-7.996160534202720882e-01 -3.926701571540166524e-01
-8.001826126968429875e-01 -3.891797560407610490e-01
-8.008623245426682580e-01 -3.856893545764156217e-01
-8.015472934380623027e-01 -3.821989529950402531e-01
-8.022270056479805511e-01 -3.787085515306949368e-01
-8.027935656527375174e-01 -3.752181504174393334e-01
-8.033594682873624881e-01 -3.717277493561970680e-01
-8.040372108471136592e-01 -3.682373480478915440e-01
-8.047188959112187012e-01 -3.647469467265828102e-01
-8.053940097706404622e-01 -3.612565456263305830e-01
-8.059546550046068347e-01 -3.577661444480582653e-01
-8.065133289083762369e-01 -3.542757428926895380e-01
-8.071825287772068647e-01 -3.507853411942843391e-01
-8.078543571903268328e-01 -3.472949395869023848e-01
-8.085183004386984340e-01 -3.438045383046035020e-01
-8.090664611015498942e-01 -3.403141370483113715e-01
-8.096113364741394092e-01 -3.368237355189493409e-01
-8.102654213914961545e-01 -3.333333339505772930e-01
-8.109208203339343113e-01 -3.298429325772552212e-01
-8.114696377817683937e-01 -3.263525291728135991e-01
-8.120243685700271330e-01 -3.228621277994915273e-01
-8.125731847695419896e-01 -3.193717262311194793e-01
-8.132285836755708264e-01 -3.158813247017575043e-01
-8.138826678673418691e-01 -3.123909234454652628e-01
-8.144275399240832325e-01 -3.089005221631664355e-01
-8.149756971410533346e-01 -3.054101205557844811e-01
-8.156396368135104824e-01 -3.019197188573792268e-01
-8.163114615206826796e-01 -2.984293173020106105e-01
-8.169806575535322191e-01 -2.949389161237383483e-01
-8.175393274912872155e-01 -2.914485150234860655e-01
-8.180999686292058648e-01 -2.879581137021772763e-01
-8.187750782625469181e-01 -2.844677123938718077e-01
-8.194567589705379351e-01 -2.809773113326294869e-01
-8.201344970441415416e-01 -2.774869102193739390e-01
-8.207003950625857414e-01 -2.739965087550285117e-01
-8.212669503211289523e-01 -2.705061071736531986e-01
-8.219466601150292595e-01 -2.670157057093077713e-01
-8.226316270235149997e-01 -2.635253045960521678e-01
-8.233113373375484656e-01 -2.600349035348099025e-01
-8.238778936363577721e-01 -2.565445022265043784e-01
-8.244437932152012261e-01 -2.530541009051955892e-01
-8.251215333693369125e-01 -2.495636998049433342e-01
-8.258032166779932792e-01 -2.460732966995782256e-01
-8.264783294321322860e-01 -2.425828956513392809e-01
-8.270389742109822695e-01 -2.390924944340570846e-01
-8.275976483098014258e-01 -2.356020932817914915e-01
-8.282668465636189303e-01 -2.321116924286024397e-01
-8.289386734527491862e-01 -2.286212915754133324e-01
-8.296026152421477340e-01 -2.251308904231477670e-01
-8.301507764121288657e-01 -2.216404892058655707e-01
-8.306956517977217569e-01 -2.181500881576265982e-01
-8.313497386941844924e-01 -2.146596850522615174e-01
-8.320051396807455202e-01 -2.111692839520091791e-01
-8.325539573366328439e-01 -2.076788826307004177e-01
-8.331086889571045484e-01 -2.041884813223949491e-01
-8.336575066129916500e-01 -2.006980802611526282e-01
-8.343129075995525668e-01 -1.972076791478970526e-01
-8.349669944960156354e-01 -1.937172776835516252e-01
-8.355118698816084155e-01 -1.902268761021763122e-01
-8.360600310515895472e-01 -1.867364746378309404e-01
-8.367239728409880950e-01 -1.832460735245753369e-01
-8.373957997301183509e-01 -1.797556724633330716e-01
-8.380649979839357444e-01 -1.762652711550275475e-01
-8.386236701556620821e-01 -1.727748698337187583e-01
-8.391843135145490296e-01 -1.692844687334665033e-01
-8.398594253298480306e-01 -1.657940675551942689e-01
-8.405411081547805585e-01 -1.623036659998255971e-01
-8.412188482543023760e-01 -1.588132643014203149e-01
-8.417847501087276640e-01 -1.553228626940383605e-01
-8.423513085530857092e-01 -1.518324614117395333e-01
-8.430310208826345963e-01 -1.483420601554473472e-01
-8.437159896766026623e-01 -1.448516586260853445e-01
-8.443957012259519779e-01 -1.413612570577133243e-01
-8.449622581099108798e-01 -1.378708556843912247e-01
-8.455281576237375640e-01 -1.343804522799496304e-01
-8.462058970626904486e-01 -1.308900509066275031e-01
-8.468875790059974262e-01 -1.273996493382554829e-01
-8.475626897446210117e-01 -1.239092478088935079e-01
-8.481233318577893199e-01 -1.204188465526013219e-01
-8.486820026407604356e-01 -1.169284452703024807e-01
-8.493511993887928879e-01 -1.134380436629204986e-01
-8.500230246811145696e-01 -1.099476419645152442e-01
-8.506869648086881064e-01 -1.064572404091465724e-01
-8.512351223507412801e-01 -1.029668392308743519e-01
-8.517799946025326197e-01 -9.947643813062208296e-02
-8.524340788593204321e-01 -9.598603680931326598e-02
-8.530894777003326102e-01 -9.249563550100779741e-02
-8.537356774165318907e-01 -8.900523443976551818e-02
-8.542647805871459443e-01 -8.551483332650991476e-02
-8.547892845074331891e-01 -8.202443186216451521e-02
-8.554216840124228005e-01 -7.853403028078917436e-02
-8.560540835824289596e-01 -7.504362881644380256e-02
-8.565785876977661806e-01 -7.155322770318819914e-02
-8.571076911934634168e-01 -6.806282664194589216e-02
-8.577538913647788643e-01 -6.457242340654754942e-02
-8.584092907909408598e-01 -6.108202259236844567e-02
-8.590633757629113632e-01 -5.759162390033210899e-02
-8.596082488599189331e-01 -5.410122074295370398e-02
-8.601564073772217656e-01 -5.061081964270144201e-02
-8.608203486100779456e-01 -4.712041644631305426e-02
-8.614921751377155879e-01 -4.363001574916387793e-02
-8.621613732510973183e-01 -4.013961725217743415e-02
-8.627200455294510295e-01 -3.664921436786885978e-02
-8.632806892680349176e-01 -3.315881361870639393e-02
-8.639558017621075114e-01 -2.966841470561351959e-02
-8.646374855908967039e-01 -2.617801350133464391e-02
-8.653152270453650097e-01 -2.268761216702250977e-02
-8.658811287047403216e-01 -1.919720847650774331e-02
-8.664476878642812796e-01 -1.570680702516567481e-02
-8.671273993590167262e-01 -1.221640751391982194e-02
-8.678123676692610644e-01 -8.726005815514564085e-03
-8.684920790599699458e-01 -5.235604091102655407e-03
-8.690586380114576626e-01 -1.745200114514720326e-03
-8.696245393587532790e-01 1.745201518873906558e-03
-8.703022803971151022e-01 5.235601108139718851e-03
-8.709839637057714690e-01 8.726002780538323275e-03
-8.716590755756843389e-01 1.221640437491697262e-02
-8.722197185860820490e-01 1.570680811744504246e-02
-8.727783900322227950e-01 1.919720941274720080e-02
-8.734475872093649951e-01 2.268760855989993344e-02
-8.741194126967367639e-01 2.617801214638809312e-02
-8.747833527853001723e-01 2.966841364974346154e-02
-8.753315100542835570e-01 3.315881722322829711e-02
-8.758763817989451139e-01 3.664921827146726263e-02
-8.765304653145432612e-01 4.013961709353686125e-02
-8.771858631803061135e-01 4.363002027692192142e-02
-8.777346779754617856e-01 4.712042129915423178e-02
-8.782894069952683624e-01 5.061082045931029200e-02
-8.788382223105567492e-01 5.410122188464570187e-02
-8.794936212165855860e-01 5.759162341400772545e-02
-8.801477062925828765e-01 6.108202727356572964e-02
-8.806925801177767354e-01 6.457242886794438419e-02
-8.812407399874253588e-01 6.806282849622016795e-02
-8.819046807365578111e-01 7.155323028564870846e-02
-8.825765068454883844e-01 7.504363207507724898e-02
-8.832457045791730632e-01 7.853403363044592078e-02
-8.838043784179255846e-01 8.202443471769486905e-02
-8.843650231967755682e-01 8.551483616903693408e-02
-8.850401362109810988e-01 8.900523775041226104e-02
-8.857218200397704022e-01 9.249563922776095348e-02
-8.863995609741056603e-01 9.598604036702321207e-02
-8.869654615932150987e-01 9.947644093413911259e-02
-8.875320191923569135e-01 1.029668417613215509e-01
-8.882117310667896337e-01 1.064572426145106165e-01
-8.888966997957410410e-01 1.099476432596465103e-01
-8.895764116701734281e-01 1.134380483831277792e-01
-8.901429692693153539e-01 1.169284490282636452e-01
-8.907088698884246813e-01 1.204188498814527108e-01
-8.913866108227599394e-01 1.239092507086351352e-01
-8.920682946515492429e-01 1.273996512757510635e-01
-8.927434076657546624e-01 1.308900524150133082e-01
-8.933040524446047570e-01 1.343804538923620284e-01
-8.938627262833575005e-01 1.378708554737373415e-01
-8.945319240170420683e-01 1.413612569250794204e-01
-8.952037501259726415e-01 1.448516580123283548e-01
-8.958676908751049828e-01 1.483420595676970266e-01
-8.964158507447536062e-01 1.518324613571255532e-01
-8.969607245699475762e-01 1.553228631465540799e-01
-8.976148096459447556e-01 1.588132647019227517e-01
-8.982702085519738144e-01 1.623036657891717138e-01
-8.988190238672622012e-01 1.657940672405137927e-01
-8.993737528870686671e-01 1.692844688218891058e-01
-8.999225676822242281e-01 1.727748702992378260e-01
-9.005779655479870804e-01 1.762652714385000707e-01
-9.012320490635853387e-01 1.797556720056159851e-01
-9.017769208082470067e-01 1.832460728327984234e-01
-9.023250780772303914e-01 1.867364736859874474e-01
-9.029890181657939108e-01 1.902268743311233135e-01
-9.036608436531655686e-01 1.937172794546046239e-01
-9.043300408303077687e-01 1.972076800997405177e-01
-9.048887122764485147e-01 2.006980809529295695e-01
-9.054493552868462247e-01 2.041884817801119800e-01
-9.061244671567590947e-01 2.076788823472279222e-01
-9.068061504654152394e-01 2.111692834864901669e-01
-9.074838915037771736e-01 2.146596849638388316e-01
-9.080497928510727901e-01 2.181500865452142002e-01
-9.086163518025605068e-01 2.216404879965562513e-01
-9.092960631932692772e-01 2.251308890838051857e-01
-9.099810315035136155e-01 2.286212906391738575e-01
-9.106607429982492841e-01 2.321116924286024397e-01
-9.112273021577902421e-01 2.356020942180309663e-01
-9.117932038171656650e-01 2.390924957733996103e-01
-9.124709452716338598e-01 2.425828968606485725e-01
-9.131526291004231632e-01 2.460732983119906236e-01
-9.138277415944957571e-01 2.495636998933659090e-01
-9.143883853330796452e-01 2.530541013707146569e-01
-9.149470576114331344e-01 2.565445025099769016e-01
-9.156162557248148648e-01 2.600349030770928160e-01
-9.162880822524526181e-01 2.635253039042753098e-01
-9.169520234853086871e-01 2.670157047574643339e-01
-9.175001820026112975e-01 2.705061054026002276e-01
-9.180450550996188674e-01 2.739965105260814826e-01
-9.186991400715895928e-01 2.774869111712173764e-01
-9.193545394977514773e-01 2.809773120244064004e-01
-9.199033559573327468e-01 2.844677128515888387e-01
-9.204580867455915971e-01 2.879581134187047531e-01
-9.210069039333591556e-01 2.914485145579669423e-01
-9.216623023556642647e-01 2.949389160353156902e-01
-9.223163864928215494e-01 2.984293176166910588e-01
-9.228612608251449689e-01 3.019197190680331100e-01
-9.234094201876638097e-01 3.054101201552820721e-01
-9.240733618756362677e-01 3.089005217106507439e-01
-9.247451884682906798e-01 3.123909235000792428e-01
-9.254143862565891165e-01 3.158813252895077972e-01
-9.259730578197598039e-01 3.193717268448764690e-01
-9.265337004530611598e-01 3.228621279321253756e-01
-9.272088114517511581e-01 3.263525293834674823e-01
-9.278904933950582468e-01 3.298429309648427954e-01
-9.285682325739443854e-01 3.333333324421915433e-01
-9.291341315676383550e-01 3.368237335814538991e-01
-9.297006876713976853e-01 3.403141341485697025e-01
-9.303803981804810164e-01 3.438045349757520852e-01
-9.310653656741164630e-01 3.472949358289412203e-01
-9.317450764432662069e-01 3.507853364740770585e-01
-9.323116330671584739e-01 3.542757377433725652e-01
-9.328775328410517931e-01 3.577661394027678021e-01
-9.335552730602041382e-01 3.612565412182030533e-01
-9.342369563038438462e-01 3.647469429556182696e-01
-9.349120688629329878e-01 3.682373443809536240e-01
-9.354727133166998998e-01 3.717277463264221371e-01
-9.360313869604026671e-01 3.752181485579637599e-01
-9.367005846290705762e-01 3.787085508415186652e-01
-9.373724108030178082e-01 3.821989529430270260e-01
-9.380363517472001256e-01 3.856893546284289598e-01
-9.385845100148390019e-01 3.891797567299373206e-01
-9.391293828751859918e-01 3.926701590134922815e-01
-9.397834675974928720e-01 3.961605612450338487e-01
-9.404388667349807829e-01 3.996509631905021953e-01
-9.409876847679644607e-01 4.031413646158376607e-01
-9.415424165314727478e-01 4.066317663532529325e-01
-9.420912340963366605e-01 4.101221681686881282e-01
-9.427466347578146166e-01 4.136125698280833651e-01
-9.434007210951343980e-01 4.171029710973788718e-01
-9.439455956875244524e-01 4.205933717425147655e-01
-9.444937558302428648e-01 4.240837725957038451e-01
-9.451576988185480532e-01 4.275741734228862834e-01
-9.458295272316679103e-01 4.310645739900021423e-01
-9.464987273605651730e-01 4.345549751292643870e-01
-9.470574017844675119e-01 4.380453766066131349e-01
-9.476180477986335671e-01 4.415357781879884480e-01
-9.482931602380920699e-01 4.450261796393304992e-01
-9.489748435831576456e-01 4.485165807265795168e-01
-9.496525840987858347e-01 4.520069822819481886e-01
-9.502184843381981105e-01 4.554973840713766875e-01
-9.507850415706461389e-01 4.589877858608051864e-01
-9.514647530653815855e-01 4.624781874161738582e-01
-9.521497213756258127e-01 4.659685885034228203e-01
-9.528294327663348051e-01 4.694589899547649270e-01
-9.533959917178224108e-01 4.729493915361401846e-01
-9.539618930651181383e-01 4.764397930134889880e-01
-9.546396341034799615e-01 4.799301941527511772e-01
-9.553213174121362172e-01 4.834205947198670916e-01
-9.559964292820490872e-01 4.869109955470494744e-01
-9.565570722924467972e-01 4.904013964002386095e-01
-9.571157437385875433e-01 4.938917970453745032e-01
-9.577849409157296323e-01 4.973822021688557027e-01
-9.584567664031012901e-01 5.008726028139915964e-01
-9.591207064916650316e-01 5.043630036671806760e-01
-9.596688637606484162e-01 5.078534044943631143e-01
-9.602137355053100842e-01 5.113438050614790287e-01
-9.608678190209082315e-01 5.148342062007412734e-01
-9.615232168866710838e-01 5.183246076780899658e-01
-9.620720316818265339e-01 5.218150092594653344e-01
-9.626267607016331107e-01 5.253054107108073856e-01
-9.631755760169216085e-01 5.287958117980562367e-01
-9.638309749229505563e-01 5.322862133534250750e-01
-9.644850599989478468e-01 5.357766151428536849e-01
-9.650299338241414837e-01 5.392670169322820728e-01
-9.655780936937901071e-01 5.427574184876506891e-01
-9.662420344429225594e-01 5.462478195748996512e-01
-9.669138605518530216e-01 5.497382210262418134e-01
-9.675830582855377004e-01 5.532286226076170710e-01
-9.681417321242903329e-01 5.567190240849658744e-01
-9.687023769031403164e-01 5.602094252242280081e-01
-9.693774899173460691e-01 5.636998257913439225e-01
-9.700591737461353725e-01 5.671902266185262498e-01
-9.707369146804707416e-01 5.706806274717154404e-01
-9.713028152995800690e-01 5.741710281168513896e-01
-9.718693728987218838e-01 5.776614332403325891e-01
-9.725490847731543820e-01 5.811518338854684274e-01
-9.732340535021057892e-01 5.846422347386575069e-01
-9.739137653765382874e-01 5.881326355658399452e-01
-9.744803229756801022e-01 5.916230361329559706e-01
-9.750462235947894296e-01 5.951134372722181043e-01
-9.757239645291247987e-01 5.986038387495667967e-01
-9.764056483579139911e-01 6.020942403309421653e-01
-9.770807613721196327e-01 6.055846417822841055e-01
-9.776414061509696163e-01 6.090750428695331786e-01
-9.782000799897223597e-01 6.125654444249017949e-01
-9.788692777234069275e-01 6.160558462143304048e-01
-9.795411038323375008e-01 6.195462480037590147e-01
-9.802050445814699531e-01 6.230366495591275200e-01
-9.807532044511185765e-01 6.265270506463765932e-01
-9.812980782763123244e-01 6.300174520977186443e-01
-9.819521633523096149e-01 6.335078536790939019e-01
-9.826075622583384517e-01 6.369982551564425943e-01
-9.831563775736270605e-01 6.404886562957049501e-01
-9.837111065934335263e-01 6.439790568628207534e-01
-9.842599213885890874e-01 6.474694576900031917e-01
-9.849153192543518287e-01 6.509598585431923823e-01
-9.855694027699501980e-01 6.544502591883282205e-01
-9.861142745146117550e-01 6.579406643118095310e-01
-9.867164661845396756e-01 6.614310663430611470e-01
-9.873211394011541797e-01 6.649214683067713461e-01
-9.879286635789595872e-01 6.684118701821335495e-01
-9.885394081325179494e-01 6.719022719483799255e-01
-9.891537424763915398e-01 6.753926735847423091e-01
-9.897720360251427429e-01 6.788830750704527572e-01
-9.903946581933334992e-01 6.823734763847433271e-01
-9.910219783955263040e-01 6.858638775068459648e-01
-9.916543660462832088e-01 6.893542784159926162e-01
-9.922921905601664871e-01 6.928446790914154496e-01
-9.929358213517384124e-01 6.963350795123464110e-01
-9.935856278355611471e-01 6.998254796580175574e-01
-9.942419794261968535e-01 7.033158795076607239e-01
-9.949052455382079163e-01 7.068062790405080786e-01
-9.955757955861563868e-01 7.102966782357916786e-01
-9.962539989846046495e-01 7.137870770727433589e-01
-9.969402251481148669e-01 7.172774755305951766e-01
-9.976348434912492014e-01 7.207678735885791887e-01
-9.983382234285699264e-01 7.242582712259274524e-01
-9.990507343746392044e-01 7.277486684218719137e-01
-1.003851924928478079e+00 7.312495651693390331e-01
