1.000000000000000000e+00 0.000000000000000000e+00
9.992866223210103982e-01 2.518044572013852442e-02
9.971475070994674228e-01 5.034492312502873712e-02
9.935857063294746272e-01 7.547747402581543585e-02
9.886063018293647087e-01 1.005621604800079061e-01
9.822163979911877618e-01 1.255830748986120071e-01
9.744251116444818672e-01 1.505243501340133294e-01
9.652435590487877803e-01 1.753701695422144047e-01
9.546848400334658757e-01 2.001047770130445491e-01
9.427640193074448005e-01 2.247124869619820942e-01
9.294981049655667293e-01 2.491776942772521708e-01
9.149060242221976891e-01 2.734848842158923432e-01
8.990085964067220381e-01 2.976186422425107225e-01
8.818285032594538331e-01 3.215636638044959694e-01
8.633902565703414078e-01 3.453047640374825589e-01
8.437201632066402279e-01 3.688268873949134274e-01
8.228462875794488873e-01 3.921151171955966630e-01
8.007984116026602983e-01 4.151546850831987490e-01
7.776079922014562662e-01 4.379309803916771604e-01
7.533081164309715083e-01 4.604295594107135070e-01
7.279334542691595633e-01 4.826361545452695356e-01
7.015202091512169336e-01 5.045366833634598036e-01
6.741060663161371203e-01 5.261172575270014473e-01
6.457301390390943752e-01 5.473641915985787421e-01
6.164329128263689173e-01 5.682640117205373098e-01
5.862561876524338134e-01 5.888034641594024343e-01
5.552430183216172654e-01 6.089695237108067039e-01
5.234376530394295735e-01 6.287494019594928041e-01
4.908854702811998871e-01 6.481305553891560933e-01
4.576329140480923097e-01 6.671006933369829639e-01
4.237274276028792364e-01 6.856477857878410243e-01
3.892173857800108050e-01 7.037600710031780560e-01
3.541520259665620896e-01 7.214260629797909496e-01
3.185813778525266038e-01 7.386345587337379559e-01
2.825561920506873825e-01 7.553746454047701731e-01
2.461278676879097016e-01 7.716357071767808717e-01
2.093483790711602732e-01 7.874074320098828350e-01
1.722702015328870240e-01 8.026798181798433518e-01
1.349462365615563819e-01 8.174431806207322904e-01
9.742973632417238627e-02 8.316881570667580270e-01
5.977422768846139128e-02 8.454057139893991213e-01
2.203343585312703135e-02 8.585871523260648619e-01
-1.573879230486568970e-02 8.712241129966532549e-01
-5.348856505660932320e-02 8.833085822045056990e-01
-9.116202271156759185e-02 8.948328965184001449e-01
-1.287054144621779250e-01 9.057897477323568758e-01
-1.660651750731036158e-01 9.161721875001765936e-01
-2.031880013057202339e-01 9.259736317417720519e-01
-2.400209279687963992e-01 9.351878648184970277e-01
-2.765114034868661474e-01 9.438090434748281909e-01
-3.126073648784686854e-01 9.518317005438962086e-01
-3.482573120372868813e-01 9.592507484145190721e-01
-3.834103812102004905e-01 9.660614822575388505e-01
-4.180164175674177529e-01 9.722595830094136193e-01
-4.520260467611474930e-01 9.778411201111751883e-01
-4.853907453707145825e-01 9.828025540010143501e-01
-5.180629101336104991e-01 9.871407383589128059e-01
-5.499959258637029391e-01 9.908529221018992361e-01
-5.811442319597026618e-01 9.939367511286633095e-01
-6.114633874089948629e-01 9.963902698124212920e-01
-6.409101341940934837e-01 9.982119222410880122e-01
-6.694424590112478812e-01 9.994005532039663686e-01
-6.970196532131485156e-01 9.999554089243304356e-01
-7.236023708902108442e-01 9.998761375374373150e-01
-7.491526850075590493e-01 9.991627893136639793e-01
-7.736341415176279934e-01 9.978158166266277718e-01
-7.970118113711713859e-01 9.958360736663116608e-01
-8.192523403524681891e-01 9.932248158973745467e-01
-8.403239966676301353e-01 9.899836992629920118e-01
-8.601967162181080040e-01 9.861147791347310010e-01
-8.788421454948056599e-01 9.816205090091247865e-01
-8.962336820316005870e-01 9.765037389517747801e-01
-9.123465123605555283e-01 9.707677137899662911e-01
-9.271576474146663305e-01 9.644160710549436466e-01
-9.406459553276369512e-01 9.574528386751506304e-01
-9.527921915838826195e-01 9.498824324218970716e-01
-9.635790264757448931e-01 9.417096531090749512e-01
-9.729910698287467241e-01 9.329396835486950534e-01
-9.810148929596045342e-01 9.235780852641798377e-01
-9.876390478356746883e-01 9.136307949634928649e-01
-9.928540834084959021e-01 9.031041207743438770e-01
-9.966525590981225591e-01 8.920047382438553996e-01
-9.990290554090123232e-01 8.803396861052281697e-01
-9.999801816623202777e-01 8.681163618140916860e-01
-9.995045808335686344e-01 8.553425168573667303e-01
-9.976029314887878696e-01 8.420262518376190330e-01
-9.942779468163697176e-01 8.281760113360175923e-01
-9.895343707560108060e-01 8.138005785571593709e-01
-9.833789712302712926e-01 7.989090697591518797e-01
-9.758205304884046694e-01 7.835109284724885992e-01
-9.668698325762380419e-01 7.676159195113849698e-01
-9.565396479499743698e-01 7.512341227813665867e-01
-9.448447152558788753e-01 7.343759268870450052e-01
-9.318017203018336136e-01 7.170520225441262552e-01
-9.174292722507733089e-01 6.992733957998378269e-01
-9.017478770699625112e-01 6.810513210660663619e-01
-8.847799082739956633e-01 6.623973539696281776e-01
-8.665495750032665701e-01 6.433233240242086648e-01
-8.470828874834469557e-01 6.238413271286090689e-01
-8.264076199152581292e-01 6.039637178960706176e-01
-8.045532708474798511e-01 5.837031018195268928e-01
-7.815510210897405052e-01 5.630723272777653499e-01
-7.574336892251275488e-01 5.420844773875569400e-01
-7.322356847860981288e-01 5.207528617069271393e-01
-7.059929591604975352e-01 4.990910077948295664e-01
-6.787429542977181374e-01 4.771126526325694672e-01
-6.505245492882044678e-01 4.548317339124255398e-01
-6.213780048924965049e-01 4.322623811989845799e-01
-5.913449060989778294e-01 4.094189069688045635e-01
-5.604681027922686631e-01 3.863157975340793526e-01
-5.287916486169242924e-01 3.629677038560647495e-01
-4.963607381236609939e-01 3.393894322540953468e-01
-4.632216422877892814e-01 3.155959350160740251e-01
-4.294216424918523289e-01 2.916023009164012691e-01
-3.950089630666563378e-01 2.674237456473445573e-01
-3.600327024869559578e-01 2.430756021699280456e-01
-3.245427633199345907e-01 2.185733109904512972e-01
-2.885897810264531071e-01 1.939324103688080114e-01
-2.522250517166349515e-01 1.691685264648177256e-01
-2.155004589628627121e-01 1.442973634288090001e-01
-1.784683997746181749e-01 1.193346934427514661e-01
-1.411817098407652793e-01 9.429634671823804160e-02
-1.036935881459474934e-01 6.919820145767420494e-02
-6.605752106865615814e-02 4.405617378502911519e-02
-2.832720606924440943e-02 1.888620765253848019e-02
9.443524923203210075e-03 -6.295735270235434944e-03
4.720078231586843920e-02 -3.147368571858609465e-02
8.489069573946370073e-02 -5.663167695965433401e-02
1.224594909080700955e-01 -8.175375491782156667e-02
1.598535663418879926e-01 -1.068239882920695716e-01
1.970195698434346609e-01 -1.318264786589022630e-01
2.339044746180821699e-01 -1.567453705544177567e-01
2.704556549303113178e-01 -1.815648615291332035e-01
3.066209611877745433e-01 -2.062692121691966918e-01
3.423487943459927463e-01 -2.308427560776178389e-01
3.775881795275808916e-01 -2.552699098092011676e-01
4.122888387509184849e-01 -2.795351827528689825e-01
4.464012626645331716e-01 -3.036231869551168083e-01
4.798767811848325682e-01 -3.275186468783684579e-01
5.126676329364067142e-01 -3.512064090880375189e-01
5.447270333958262878e-01 -3.746714518621626078e-01
5.760092416417115224e-01 -3.978988947175101654e-01
6.064696256158403909e-01 -4.208740078461161160e-01
6.360647258021694395e-01 -4.435822214562702981e-01
6.647523172329387053e-01 -4.660091350120292852e-01
6.924914697333668379e-01 -4.881405263653952331e-01
7.192426063189973906e-01 -5.099623607753646093e-01
7.449675596623759333e-01 -5.314607998081380957e-01
7.696296265484856569e-01 -5.526222101128348552e-01
7.931936202412577241e-01 -5.734331720671581589e-01
8.156259206864361344e-01 -5.938804882875187152e-01
8.368945224791674020e-01 -6.139511919982277854e-01
8.569690805278886714e-01 -6.336325552544487261e-01
8.758209533493442889e-01 -6.529120970136890190e-01
8.934232439329782283e-01 -6.717775910507238768e-01
9.097508381163876834e-01 -6.902170737109196708e-01
9.247804404170885118e-01 -7.082188514970527704e-01
9.384906072694698675e-01 -7.257715084848016529e-01
9.508617776195160687e-01 -7.428639135622173706e-01
9.618763008336463916e-01 -7.594852274885789400e-01
9.715184618818493156e-01 -7.756249097681560123e-01
9.797745037591862882e-01 -7.912727253345187561e-01
9.866326471136732668e-01 -8.064187510411641169e-01
9.920831070525337747e-01 -8.210533819543299749e-01
9.961181071028466505e-01 -8.351673374440166109e-01
9.987318903066703113e-01 -8.487516670693467935e-01
9.999207274348141938e-01 -8.617977562545383607e-01
9.996829223075360815e-01 -8.742973317518828447e-01
9.980188142145753893e-01 -8.862424668882683543e-01
9.949307774310700569e-01 -8.976255865919248178e-01
9.904232178300464984e-01 -9.084394721961950303e-01
9.845025665963167416e-01 -9.186772660172912719e-01
9.771772710507515836e-01 -9.283324757031314878e-01
9.684577825980195120e-01 -9.373989783505011220e-01
9.583565418149885273e-01 -9.458710243879241419e-01
9.468879607010691757e-01 -9.537432412217839994e-01
9.340684021158133232e-01 -9.610106366433844860e-01
9.199161564331197471e-01 -9.676686019947845496e-01
9.044514154453431320e-01 -9.737129150914042297e-01
8.876962435545487917e-01 -9.791397428995446406e-01
8.696745462920050240e-01 -9.839456439671284693e-01
8.504120362108401610e-01 -9.881275706061142250e-01
8.299361962005219473e-01 -9.916828708252043434e-01
8.082762402754937181e-01 -9.946092900116197955e-01
7.854630718939257239e-01 -9.969049723608751634e-01
7.615292398660371553e-01 -9.985684620536464662e-01
7.365088919149130886e-01 -9.995987041789873295e-01
7.104377259560494817e-01 -9.999950454033060820e-01
6.833529391651669282e-01 -9.997572343846811149e-01
6.552931749069401679e-01 -9.988854219322504946e-01
6.262984676003685580e-01 -9.973801609105754640e-01
5.964101855994539125e-01 -9.952424058890388947e-01
5.656709721706805194e-01 -9.924735125364990695e-01
5.341246846515099733e-01 -9.890752367615859297e-01
5.018163318766839520e-01 -9.850497335991816872e-01
4.687920099616306180e-01 -9.803995558437935687e-01
4.350988365345882514e-01 -9.751276524306863314e-01
4.007848835112697294e-01 -9.692373665657980641e-01
3.658991085080036121e-01 -9.627324336056287679e-01
3.304912849911930128e-01 -9.556169786884434192e-01
2.946119312627566433e-01 -9.478955141182946464e-01
2.583122383828674318e-01 -9.395729365035186964e-01
2.216439971328321157e-01 -9.306545236515262332e-01
1.846595241223253359e-01 -9.211459312218529538e-01
1.474115871463742844e-01 -9.110531891395908799e-01
1.099533298986339336e-01 -9.003826977714802782e-01
7.233819614833217337e-02 -8.891412238670814983e-01
3.461985348909098203e-02 -8.773358962676064410e-01
-3.147883231608214569e-03 -8.649742013851228206e-01
-4.091112869304219801e-02 -8.520639784550065876e-01
-7.861600398241151699e-02 -8.386134145646505500e-01
-1.162087134668760152e-01 -8.246310394615754547e-01
-1.536356215467569175e-01 -8.101257201442472189e-01
-1.908433291804212395e-01 -7.951066552390203546e-01
-2.277787500716411118e-01 -7.795833691667822807e-01
-2.643891864107641432e-01 -7.635657061029866854e-01
-3.006224040615821935e-01 -7.470638237349191968e-01
-3.364267070866784892e-01 -7.300881868201458680e-01
-3.717510115048698327e-01 -7.126495605502283226e-01
-4.065449181755624863e-01 -6.947590037239212979e-01
-4.407587847059905584e-01 -6.764278617341751287e-01
-4.743437962787613871e-01 -6.576677593733954996e-01
-5.072520352986689129e-01 -6.384905934615157097e-01
-5.394365497593680558e-01 -6.189085253015659260e-01
-5.708514202324067588e-01 -5.989339729675189350e-01
-6.014518253830188899e-01 -5.785796034292984835e-01
-6.311941059191995551e-01 -5.578583245199537632e-01
-6.600358268828376840e-01 -5.367832767500871904e-01
-6.879358381940099409e-01 -5.153678249747309925e-01
-7.148543333620929197e-01 -4.936255499179486028e-01
-7.407529062798781094e-01 -4.715702395605468888e-01
-7.655946060196887615e-01 -4.492158803963569036e-01
-7.893439895533218564e-01 -4.265766485626184545e-01
-8.119671723205700298e-01 -4.036669008501095335e-01
-8.334318765742076973e-01 -3.805011655987085573e-01
-8.537074774324314719e-01 -3.570941334841726267e-01
-8.727650465730816265e-01 -3.334606482019615292e-01
-8.905773935072776037e-01 -3.096156970540308029e-01
-9.071191043735911119e-01 -2.855744014445558698e-01
-9.223665781974149658e-01 -2.613520072906073133e-01
-9.362980605637740705e-01 -2.369638753538736986e-01
-9.488936746555589608e-01 -2.124254714995501836e-01
-9.601354496128758909e-01 -1.877523568885802463e-01
-9.700073461730719382e-01 -1.629601781094565383e-01
-9.784952795548372828e-01 -1.380646572558550111e-01
-9.855871395537394442e-01 -1.130815819563873309e-01
-9.912728078205280680e-01 -8.802679536278584793e-02
-9.955441722975397756e-01 -6.291618610288711444e-02
-9.983951387926210952e-01 -3.776567820477121085e-02
-9.998216396740496892e-01 -1.259122099845719385e-02
-9.998216396740496892e-01 1.259122099845581474e-02
-9.983951387926212062e-01 3.776567820477072512e-02
-9.955441722975399976e-01 6.291618610288572666e-02
-9.912728078205284010e-01 8.802679536278447403e-02
-9.855871395537395552e-01 1.130815819563859570e-01
-9.784952795548373938e-01 1.380646572558545115e-01
-9.700073461730726043e-01 1.629601781094551782e-01
-9.601354496128766680e-01 1.877523568885789140e-01
-9.488936746555591828e-01 2.124254714995497118e-01
-9.362980605637749587e-01 2.369638753538723663e-01
-9.223665781974159650e-01 2.613520072906059810e-01
-9.071191043735921111e-01 2.855744014445545376e-01
-8.905773935072779368e-01 3.096156970540303033e-01
-8.727650465730828477e-01 3.334606482019602525e-01
-8.537074774324328041e-01 3.570941334841713499e-01
-8.334318765742081414e-01 3.805011655987081132e-01
-8.119671723205704739e-01 4.036669008501083122e-01
-7.893439895533223005e-01 4.265766485626172333e-01
-7.655946060196903158e-01 4.492158803963556823e-01
-7.407529062798786645e-01 4.715702395605464448e-01
-7.148543333620946960e-01 4.936255499179473816e-01
-6.879358381940103850e-01 5.153678249747298823e-01
-6.600358268828382391e-01 5.367832767500867464e-01
-6.311941059192014425e-01 5.578583245199526530e-01
-6.014518253830208883e-01 5.785796034292973733e-01
-5.708514202324088682e-01 5.989339729675178248e-01
-5.394365497593687220e-01 6.189085253015654819e-01
-5.072520352986710224e-01 6.384905934615147105e-01
-4.743437962787636075e-01 6.576677593733943894e-01
-4.407587847059912245e-01 6.764278617341746846e-01
-4.065449181755648178e-01 6.947590037239204097e-01
-3.717510115048721642e-01 7.126495605502273234e-01
-3.364267070866808207e-01 7.300881868201448688e-01
-3.006224040615829152e-01 7.470638237349188637e-01
-2.643891864107648648e-01 7.635657061029857973e-01
-2.277787500716435543e-01 7.795833691667813925e-01
-1.908433291804219611e-01 7.951066552390201325e-01
-1.536356215467593878e-01 8.101257201442464417e-01
-1.162087134668767507e-01 8.246310394615746775e-01
-7.861600398241314069e-02 8.386134145646497728e-01
-4.091112869304293354e-02 8.520639784550063656e-01
-3.147883231610725582e-03 8.649742013851221545e-01
3.461985348908847016e-02 8.773358962676057748e-01
7.233819614833143785e-02 8.891412238670812762e-01
1.099533298986314495e-01 9.003826977714796120e-01
1.474115871463727023e-01 9.110531891395903248e-01
1.846595241223228656e-01 9.211459312218523987e-01
2.216439971328313940e-01 9.306545236515260111e-01
2.583122383828649893e-01 9.395729365035182523e-01
2.946119312627542564e-01 9.478955141182942024e-01
3.304912849911931794e-01 9.556169786884433082e-01
3.658991085080020578e-01 9.627324336056284348e-01
4.007848835112673980e-01 9.692373665657977311e-01
4.350988365345860309e-01 9.751276524306859983e-01
4.687920099616299519e-01 9.803995558437934577e-01
5.018163318766832859e-01 9.850497335991814651e-01
5.341246846515086411e-01 9.890752367615857077e-01
5.656709721706798533e-01 9.924735125364989585e-01
5.964101855994519141e-01 9.952424058890387837e-01
6.262984676003665596e-01 9.973801609105753530e-01
6.552931749069396128e-01 9.988854219322503836e-01
6.833529391651657070e-01 9.997572343846811149e-01
7.104377259560483715e-01 9.999950454033060820e-01
7.365088919149114233e-01 9.995987041789873295e-01
7.615292398660367112e-01 9.985684620536465772e-01
7.854630718939241696e-01 9.969049723608752744e-01
8.082762402754922748e-01 9.946092900116199065e-01
8.299361962005210591e-01 9.916828708252044544e-01
8.504120362108388287e-01 9.881275706061144470e-01
8.696745462920038028e-01 9.839456439671286914e-01
8.876962435545484587e-01 9.791397428995447516e-01
9.044514154453420218e-01 9.737129150914045628e-01
9.199161564331194141e-01 9.676686019947848827e-01
9.340684021158127681e-01 9.610106366433845970e-01
9.468879607010683985e-01 9.537432412217844435e-01
9.583565418149883053e-01 9.458710243879242530e-01
9.684577825980184018e-01 9.373989783505018991e-01
9.771772710507513615e-01 9.283324757031319319e-01
9.845025665963164085e-01 9.186772660172914939e-01
9.904232178300459433e-01 9.084394721961959185e-01
9.949307774310697239e-01 8.976255865919254839e-01
9.980188142145752783e-01 8.862424668882685763e-01
9.996829223075359705e-01 8.742973317518835108e-01
9.999207274348141938e-01 8.617977562545391379e-01
9.987318903066703113e-01 8.487516670693470155e-01
9.961181071028468725e-01 8.351673374440173880e-01
9.920831070525341078e-01 8.210533819543307521e-01
9.866326471136733778e-01 8.064187510411644499e-01
9.797745037591867323e-01 7.912727253345196443e-01
9.715184618818492046e-01 7.756249097681562343e-01
9.618763008336472797e-01 7.594852274885803833e-01
9.508617776195168458e-01 7.428639135622182588e-01
9.384906072694700896e-01 7.257715084848019860e-01
9.247804404170898440e-01 7.082188514970541027e-01
9.097508381163880165e-01 6.902170737109206700e-01
8.934232439329790054e-01 6.717775910507242099e-01
8.758209533493455101e-01 6.529120970136903512e-01
8.569690805278895596e-01 6.336325552544493922e-01
8.368945224791678461e-01 6.139511919982282295e-01
8.156259206864365785e-01 5.938804882875198254e-01
7.931936202412591674e-01 5.734331720671589361e-01
7.696296265484855459e-01 5.526222101128352993e-01
7.449675596623777096e-01 5.314607998081393170e-01
7.192426063189985008e-01 5.099623607753653864e-01
6.924914697333680591e-01 4.881405263653967874e-01
6.647523172329405927e-01 4.660091350120305065e-01
6.360647258021693284e-01 4.435822214562707422e-01
6.064696256158423893e-01 4.208740078461177814e-01
5.760092416417135208e-01 3.978988947175114421e-01
5.447270333958268429e-01 3.746714518621630519e-01
5.126676329364096008e-01 3.512064090880392397e-01
4.798767811848331788e-01 3.275186468783693461e-01
4.464012626645346149e-01 3.036231869551172524e-01
4.122888387509207608e-01 2.795351827528703148e-01
3.775881795275823904e-01 2.552699098092021113e-01
3.423487943459934124e-01 2.308427560776183107e-01
3.066209611877752650e-01 2.062692121691980518e-01
2.704556549303137047e-01 1.815648615291341195e-01
2.339044746180846124e-01 1.567453705544195608e-01
1.970195698434371034e-01 1.318264786589036230e-01
1.598535663418887143e-01 1.068239882920700573e-01
1.224594909080717053e-01 8.175375491782337078e-02
8.489069573946619873e-02 5.663167695965571485e-02
4.720078231586828654e-02 3.147368571858658037e-02
9.443524923205721955e-03 6.295735270237257271e-03
-2.832720606924278572e-02 -1.888620765253754344e-02
-6.605752106865542261e-02 -4.405617378502862252e-02
-1.036935881459449954e-01 -6.919820145767283104e-02
-1.411817098407645299e-01 -9.429634671823711178e-02
-1.784683997746165929e-01 -1.193346934427509803e-01
-2.155004589628602418e-01 -1.442973634288076401e-01
-2.522250517166333972e-01 -1.691685264648168097e-01
-2.885897810264498320e-01 -1.939324103688062073e-01
-3.245427633199338691e-01 -2.185733109904499649e-01
-3.600327024869544035e-01 -2.430756021699275737e-01
-3.950089630666540064e-01 -2.674237456473428365e-01
-4.294216424918500530e-01 -2.916023009163999369e-01
-4.632216422877886153e-01 -3.155959350160735255e-01
-4.963607381236596061e-01 -3.393894322540936814e-01
-5.287916486169221830e-01 -3.629677038560639168e-01
-5.604681027922687742e-01 -3.863157975340789085e-01
-5.913449060989758310e-01 -4.094189069688032867e-01
-6.213780048924952837e-01 -4.322623811989837472e-01
-6.505245492882039127e-01 -4.548317339124250958e-01
-6.787429542977159169e-01 -4.771126526325682460e-01
-7.059929591604969801e-01 -4.990910077948287338e-01
-7.322356847860964635e-01 -5.207528617069255850e-01
-7.574336892251262165e-01 -5.420844773875558298e-01
-7.815510210897400611e-01 -5.630723272777649058e-01
-8.045532708474778527e-01 -5.837031018195254495e-01
-8.264076199152574631e-01 -6.039637178960695074e-01
-8.470828874834461786e-01 -6.238413271286086248e-01
-8.665495750032653488e-01 -6.433233240242072215e-01
-8.847799082739949972e-01 -6.623973539696275115e-01
-9.017478770699621782e-01 -6.810513210660659178e-01
-9.174292722507727538e-01 -6.992733957998368277e-01
-9.318017203018327255e-01 -7.170520225441255890e-01
-9.448447152558789863e-01 -7.343759268870446721e-01
-9.565396479499738147e-01 -7.512341227813655875e-01
-9.668698325762375978e-01 -7.676159195113844147e-01
-9.758205304884043363e-01 -7.835109284724874890e-01
-9.833789712302707375e-01 -7.989090697591511026e-01
-9.895343707560108060e-01 -8.138005785571590378e-01
-9.942779468163694956e-01 -8.281760113360165931e-01
-9.976029314887877586e-01 -8.420262518376182559e-01
-9.995045808335685233e-01 -8.553425168573663973e-01
-9.999801816623202777e-01 -8.681163618140907978e-01
-9.990290554090123232e-01 -8.803396861052277256e-01
-9.966525590981226701e-01 -8.920047382438551775e-01
-9.928540834084962352e-01 -9.031041207743432109e-01
-9.876390478356749103e-01 -9.136307949634925318e-01
-9.810148929596045342e-01 -9.235780852641797267e-01
-9.729910698287470572e-01 -9.329396835486944983e-01
-9.635790264757454482e-01 -9.417096531090747291e-01
-9.527921915838833966e-01 -9.498824324218965165e-01
-9.406459553276382834e-01 -9.574528386751501863e-01
-9.271576474146667746e-01 -9.644160710549435356e-01
-9.123465123605561944e-01 -9.707677137899658470e-01
-8.962336820316016972e-01 -9.765037389517745581e-01
-8.788421454948055489e-01 -9.816205090091246754e-01
-8.601967162181084481e-01 -9.861147791347307789e-01
-8.403239966676310235e-01 -9.899836992629919008e-01
-8.192523403524696324e-01 -9.932248158973744356e-01
-7.970118113711733843e-01 -9.958360736663114388e-01
-7.736341415176285485e-01 -9.978158166266277718e-01
-7.491526850075598265e-01 -9.991627893136639793e-01
-7.236023708902122875e-01 -9.998761375374373150e-01
-6.970196532131480716e-01 -9.999554089243304356e-01
-6.694424590112503237e-01 -9.994005532039663686e-01
-6.409101341940943719e-01 -9.982119222410881232e-01
-6.114633874089965282e-01 -9.963902698124214030e-01
-5.811442319597047712e-01 -9.939367511286635315e-01
-5.499959258637058257e-01 -9.908529221018994582e-01
-5.180629101336110542e-01 -9.871407383589129170e-01
-4.853907453707159703e-01 -9.828025540010145722e-01
-4.520260467611497135e-01 -9.778411201111754103e-01
-4.180164175674176419e-01 -9.722595830094137304e-01
-3.834103812102011566e-01 -9.660614822575392946e-01
-3.482573120372882136e-01 -9.592507484145194052e-01
-3.126073648784706283e-01 -9.518317005438962086e-01
-2.765114034868689785e-01 -9.438090434748286350e-01
-2.400209279687966768e-01 -9.351878648184973608e-01
-2.031880013057246470e-01 -9.259736317417727181e-01
-1.660651750731056697e-01 -9.161721875001771487e-01
-1.287054144621773144e-01 -9.057897477323572089e-01
-9.116202271157120007e-02 -8.948328965184010331e-01
-5.348856505661005178e-02 -8.833085822045062541e-01
-1.573879230486731340e-02 -8.712241129966534769e-01
2.203343585312451947e-02 -8.585871523260657501e-01
5.977422768845822021e-02 -8.454057139893995654e-01
9.742973632417187280e-02 -8.316881570667582491e-01
1.349462365615549941e-01 -8.174431806207331785e-01
1.722702015328847758e-01 -8.026798181798439069e-01
2.093483790711608561e-01 -7.874074320098829460e-01
2.461278676879094240e-01 -7.716357071767817599e-01
2.825561920506862723e-01 -7.553746454047706171e-01
3.185813778525246054e-01 -7.386345587337392882e-01
3.541520259665595360e-01 -7.214260629797918378e-01
3.892173857800107495e-01 -7.037600710031783890e-01
4.237274276028751285e-01 -6.856477857878423565e-01
4.576329140480908664e-01 -6.671006933369838521e-01
4.908854702812007753e-01 -6.481305553891564264e-01
5.234376530394266869e-01 -6.287494019594940253e-01
5.552430183216165993e-01 -6.089695237108074810e-01
5.862561876524327031e-01 -5.888034641594027674e-01
6.164329128263671409e-01 -5.682640117205385311e-01
6.457301390390919327e-01 -5.473641915985795192e-01
6.741060663161367872e-01 -5.261172575270016694e-01
7.015202091512160454e-01 -5.045366833634609138e-01
7.279334542691582310e-01 -4.826361545452701463e-01
7.533081164309697320e-01 -4.604295594107151723e-01
7.776079922014562662e-01 -4.379309803916782706e-01
8.007984116026597432e-01 -4.151546850831992486e-01
8.228462875794478881e-01 -3.921151171955983283e-01
8.437201632066387846e-01 -3.688268873949144822e-01
8.633902565703415188e-01 -3.453047640374830030e-01
8.818285032594518347e-01 -3.215636638044975237e-01
8.990085964067213720e-01 -2.976186422425116662e-01
9.149060242221981332e-01 -2.734848842158927318e-01
9.294981049655656191e-01 -2.491776942772536141e-01
9.427640193074446895e-01 -2.247124869619829268e-01
9.546848400334655427e-01 -2.001047770130447712e-01
9.652435590487872252e-01 -1.753701695422157369e-01
9.744251116444813121e-01 -1.505243501340140511e-01
9.822163979911870957e-01 -1.255830748986138667e-01
9.886063018293645976e-01 -1.005621604800091412e-01
9.935857063294744052e-01 -7.547747402581604648e-02
9.971475070994672008e-01 -5.034492312503049266e-02
9.992866223210103982e-01 -2.518044572013964852e-02
1.000000000000000000e+00 -4.898587196589412829e-16
