-9.996120221150233132e-01 2.888092300883788894e-03
-9.969821032697996355e-01 5.259399118750531649e-03
-9.943140791363602737e-01 7.684217261918598052e-03
-9.916109616434279905e-01 1.015944205322296887e-02
-9.888757627197253264e-01 1.268196881549862529e-02
-9.861114942939750438e-01 1.524869287158054677e-02
-9.833211682948996835e-01 1.785650954430370932e-02
-9.805077966512220078e-01 2.050231415650310279e-02
-9.776743912916644463e-01 2.318300203101369625e-02
-9.748239641449499837e-01 2.589546849067047782e-02
-9.719595271398009384e-01 2.863660885830841829e-02
-9.690840922049401840e-01 3.140331845676250927e-02
-9.662006712690903720e-01 3.419249260886772501e-02
-9.633122762609740430e-01 3.700102663745903631e-02
-9.604219191093139596e-01 3.982581586537144169e-02
-9.575326117428326622e-01 4.266375561543991196e-02
-9.546473660902528025e-01 4.551174121049942484e-02
-9.517691940802971429e-01 4.836666797338496498e-02
-9.489011076416882240e-01 5.122543122693149625e-02
-9.460461187031488084e-01 5.408492629397403106e-02
-9.432072391934571698e-01 5.694204849735084312e-02
-9.404895044943418769e-01 5.972706330135488934e-02
-9.378025422203322137e-01 6.248500499900887933e-02
-9.351438863114971412e-01 6.521965116048261679e-02
-9.325110794565423245e-01 6.793477935594594008e-02
-9.299016555955365027e-01 7.063416715556863901e-02
-9.273131554900927442e-01 7.332159020242769165e-02
-9.247431174415947641e-01 7.600082850091548214e-02
-9.221890797514268323e-01 7.867565959519515206e-02
-9.196485831812019063e-01 8.134986102942991237e-02
-9.171191616709882810e-01 8.402721034778290465e-02
-9.145983559823995801e-01 8.671148509441727048e-02
-9.120837044168192964e-01 8.940646527372547725e-02
-9.095727472027246296e-01 9.199680468920024001e-02
-9.070630207404127843e-01 9.457832960523554489e-02
-9.045520614301817419e-01 9.715355837593794841e-02
-9.020374119607378338e-01 9.972500742832110521e-02
-8.995166062721490219e-01 1.022951975507141453e-01
-8.969871870531216373e-01 1.048666470712170118e-01
-8.944466882437240862e-01 1.075351822282169800e-01
-8.918926506055693260e-01 1.101854587262930812e-01
-8.893226149002707581e-01 1.128212541096084570e-01
-8.867341150678966777e-01 1.154463459223262906e-01
-8.841246937971531938e-01 1.180645141688389521e-01
-8.814918850281090457e-01 1.206795344922234198e-01
-8.788332295223767465e-01 1.232951844626495042e-01
-8.761462680415702531e-01 1.259152416502869742e-01
-8.734285345257575273e-01 1.285434836253057100e-01
-8.706775716636445672e-01 1.311836860307826480e-01
-8.678909133953000010e-01 1.338396288711101445e-01
-8.650661004823370082e-01 1.365150896904513689e-01
-8.622006712261395256e-01 1.392138460329695460e-01
-8.592921658551841979e-01 1.419396754428277896e-01
-8.563381183095397642e-01 1.446963554641892413e-01
-8.533360693508189598e-01 1.474876661014463963e-01
-8.505164253586844358e-01 1.503173829976761355e-01
-8.476967811194867641e-01 1.531892837230482696e-01
-8.447607037331780200e-01 1.559880240081484848e-01
-8.420310319939867671e-01 1.588094301173706702e-01
-8.392101567689461694e-01 1.615368966381443838e-01
-8.363892814918921781e-01 1.642649930530229452e-01
-8.333860009491755871e-01 1.669949784740429322e-01
-8.305219255784542787e-01 1.698214199235283661e-01
-8.274969841060324516e-01 1.726277138899950381e-01
-8.246315556456385032e-01 1.755096866118302512e-01
-8.218067413283162148e-01 1.783519937936129951e-01
-8.190200819156790990e-01 1.811584129795063836e-01
-8.162691181693401132e-01 1.839327241739028840e-01
-8.135513840293676635e-01 1.866787030198794606e-01
-8.108644221844678590e-01 1.894001270876058407e-01
-8.082057665747093278e-01 1.921007739472518905e-01
-8.055729579617049163e-01 1.947844192418945741e-01
-8.029635371070679151e-01 1.974548429759262480e-01
-8.003750398779596598e-01 2.001158226935101092e-01
-7.978050021415417081e-01 2.027711359388092993e-01
-7.952509646594267956e-01 2.054245602559870154e-01
-7.927104662661356160e-01 2.080798731892063436e-01
-7.901810452630518844e-01 2.107408547428598067e-01
-7.876602418786523563e-01 2.134112805600242857e-01
-7.851455900530056597e-01 2.160949282108695912e-01
-7.826346305477249743e-01 2.186764534259813819e-01
-7.801249041244231464e-01 2.212516824697536022e-01
-7.776139447231690260e-01 2.238231317691999345e-01
-7.750992950326682784e-01 2.263933221126495365e-01
-7.725784889929898647e-01 2.289647718282022681e-01
-7.700490673657464091e-01 2.316333071542455158e-01
-7.675085709125512023e-01 2.342835837953581857e-01
-7.649545355005659131e-01 2.369193792957035027e-01
-7.623844994571810085e-01 2.395444711994445808e-01
-7.597959991826938042e-01 2.421626395109739427e-01
-7.571865754387178127e-01 2.447776598733683584e-01
-7.545537689868662135e-01 2.473933098567977495e-01
-7.518951156943002312e-01 2.500133670314318990e-01
-7.492081514281812016e-01 2.526416089674406451e-01
-7.464904169501223041e-01 2.552818113079009521e-01
-7.437394510946436776e-01 2.579377540572052041e-01
-7.409527921631295921e-01 2.606132147595164872e-01
-7.381279803840565812e-01 2.633119709589980539e-01
-7.352625496974933839e-01 2.660378001998130459e-01
-7.323540408650527356e-01 2.687944800261246603e-01
-7.293999946483479269e-01 2.715857904423252256e-01
-7.263979449874478078e-01 2.744155070914918171e-01
-7.235783026493363135e-01 2.772874075437941066e-01
-7.206422252500243042e-01 2.800861475298178083e-01
-7.179125515837400107e-01 2.829075513868639646e-01
-7.150916763456961478e-01 2.856350180636775815e-01
-7.122708029697284449e-01 2.883631145825827913e-01
-7.092675243411014074e-01 2.910931000556160608e-01
-7.063122468654838837e-01 2.938262335948140791e-01
-7.034937104680332176e-01 2.966570822225009785e-01
-7.005118463352824065e-01 2.994690424271924667e-01
-6.976870316538670291e-01 3.023579404472758192e-01
-6.949003743763759733e-01 3.052084344475592403e-01
-6.921494103699703526e-01 3.080243000711198054e-01
-6.894316755018117249e-01 3.108093148881271306e-01
-6.867447105335130475e-01 3.135672564687512209e-01
-6.840860542995947924e-01 3.163019023831617482e-01
-6.814532475616699170e-01 3.190170282744357322e-01
-6.788438261868999790e-01 3.217164141469656125e-01
-6.762553260424462032e-01 3.244038375449143641e-01
-6.736852878899216579e-01 3.270830760124454617e-01
-6.711312505638467041e-01 3.297579070937218249e-01
-6.685907523656053897e-01 3.324321083329067061e-01
-6.660613335236743593e-01 3.351094597343924342e-01
-6.635405279781221299e-01 3.377937369412560842e-01
-6.610258764905619921e-01 3.404887175236672725e-01
-6.585149198226067924e-01 3.430790572122119353e-01
-6.560051938414181993e-01 3.456605822712838783e-01
-6.534942344141573267e-01 3.482358091278966450e-01
-6.509795823024374650e-01 3.508072585703796431e-01
-6.484587763407788641e-01 3.533774489268325381e-01
-6.459293572907944814e-01 3.559488985253553284e-01
-6.433888610196460967e-01 3.586174336043353450e-01
-6.408348233944946015e-01 3.612677098683516053e-01
-6.382647851769536196e-01 3.639035048615672507e-01
-6.356762852015429566e-01 3.665285985883746100e-01
-6.330668642298762361e-01 3.691467666918507029e-01
-6.304340581291142387e-01 3.717617867421652567e-01
-6.277754027664188552e-01 3.743774363094882762e-01
-6.250884389034027100e-01 3.769974910368965593e-01
-6.223707053745868301e-01 3.796257309287824344e-01
-6.196197404813543752e-01 3.822659335293092653e-01
-6.168330844521825451e-01 3.849218763826400824e-01
-6.140082712271397458e-01 3.875973370329380829e-01
-6.111428415678390458e-01 3.902960930243665194e-01
-6.082343362358938466e-01 3.930219243613176094e-01
-6.052802891713722211e-01 3.957786066868683728e-01
-6.022782406027514801e-01 3.985699175711887587e-01
-5.994585969096932754e-01 4.013996345844483837e-01
-5.966389509514560263e-01 4.042715352968172526e-01
-5.937028741893067840e-01 4.070702735117878723e-01
-5.909732029572454248e-01 4.098916779279772049e-01
-5.881523300493973760e-01 4.126191450339005140e-01
-5.853314550714198150e-01 4.153472418518821541e-01
-5.823281747367564654e-01 4.180772274939587030e-01
-5.794640970228360777e-01 4.209036689824540711e-01
-5.764391555504140285e-01 4.237099628058841883e-01
-5.735737275061264517e-01 4.265919352026362743e-01
-5.707489159481101693e-01 4.294342443375185336e-01
-5.679622567435261837e-01 4.322406658536078750e-01
-5.652112906539876747e-01 4.350149773210742477e-01
-5.624935565140153360e-01 4.377609563100873791e-01
-5.598065950852219030e-01 4.404823803908171076e-01
-5.571479422347690447e-01 4.431830252063402864e-01
-5.545151338298178745e-01 4.458666707610495217e-01
-5.519057106319815720e-01 4.485370945991078440e-01
-5.493172134028733167e-01 4.511980742646783393e-01
-5.467471760825617366e-01 4.538533873019243714e-01
-5.441931388995234764e-01 4.565068112550089707e-01
-5.416526401551424730e-01 4.591621261283245214e-01
-5.391232186839389762e-01 4.618231075649479322e-01
-5.366024152475261655e-01 4.644935312079563339e-01
-5.340877637859725580e-01 4.671771789888349291e-01
-5.315768045277549092e-01 4.697587022508472598e-01
-5.290670757742572672e-01 4.723339316197025517e-01
-5.265561182870925894e-01 4.749053810621855498e-01
-5.240414684665587464e-01 4.774755713666251622e-01
-5.215206627129533867e-01 4.800470208611213874e-01
-5.189912412547531551e-01 4.827155557840615563e-01
-5.164507423933422103e-01 4.853658318400244642e-01
-5.138967068903335100e-01 4.880016290334028284e-01
-5.113266711460250358e-01 4.906267230072733909e-01
-5.087381734878071438e-01 4.932448913318060457e-01
-5.061287497828410586e-01 4.958599096500776460e-01
-5.034959407927402930e-01 4.984755598935735610e-01
-5.008372872791176933e-01 5.010956152451414569e-01
-4.981503231820419431e-01 5.037238576362665921e-01
-4.954325911902188739e-01 5.063640602497967436e-01
-4.926816252437171140e-01 5.090200030901242956e-01
-4.898949661041497317e-01 5.116954637014121676e-01
-4.870701545331300730e-01 5.143942196278241674e-01
-4.842047244707263776e-01 5.171200508737519019e-01
-4.812962161454153454e-01 5.198767330822727795e-01
-4.783421678585813019e-01 5.226680438235564718e-01
-4.753401203718370938e-01 5.254977587406800543e-01
-4.725204757035296188e-01 5.283696597651286186e-01
-4.695843982912142334e-01 5.311683982401658177e-01
-4.668547269291195567e-01 5.339898047915012658e-01
-4.640338519511420512e-01 5.367172715463348620e-01
-4.611217732662585278e-01 5.393520600769325934e-01
-4.582336971629925593e-01 5.421999079394268506e-01
-4.552771892346685889e-01 5.449317818724619400e-01
-4.523662211508377995e-01 5.476680628276585638e-01
-4.494983312388909358e-01 5.505966257376280204e-01
-4.466710553659891669e-01 5.534830069275945563e-01
-4.438819342937458945e-01 5.563309820406350248e-01
-4.411285087837742980e-01 5.591443286469195417e-01
-4.384083127761424503e-01 5.619268223895245162e-01
-4.357188889595568493e-01 5.646822451999355952e-01
-4.330577712740856233e-01 5.674143702610003892e-01
-4.304225004813421740e-01 5.701269795042041011e-01
-4.278106173429393477e-01 5.728238461123945635e-01
-4.252196557989459946e-01 5.755087525501934032e-01
-4.226471585380678908e-01 5.781854720004483417e-01
-4.200906595003736088e-01 5.808577863946443598e-01
-4.175477013745692023e-01 5.835294689156296233e-01
-4.150158181007230218e-01 5.862042995677962942e-01
-4.124925504404483023e-01 5.888860583555366457e-01
-4.099754391553581678e-01 5.915785184616986214e-01
-4.074620181855211909e-01 5.941663399781832444e-01
-4.049498302196433142e-01 5.967453447820623147e-01
-4.024364091977928881e-01 5.993180555887579475e-01
-3.999192978086762440e-01 6.018869863650544438e-01
-3.973960299923616768e-01 6.044546578992812114e-01
-3.948641465104622550e-01 6.070235909797669915e-01
-3.923211881245913246e-01 6.096896074835839174e-01
-3.897646887748171807e-01 6.123373675026331231e-01
-3.871921911498460434e-01 6.149706442197619971e-01
-3.846012291897462076e-01 6.175932176393631456e-01
-3.819893436561308531e-01 6.202088677658292859e-01
-3.793540753106132146e-01 6.228213677820076954e-01
-3.766929580932617538e-01 6.254344996193835771e-01
-3.740035346927825244e-01 6.280520364608052075e-01
-3.712833390492439323e-01 6.306777583106644158e-01
-3.685299138513519757e-01 6.333154427131244546e-01
-3.657407930391751716e-01 6.359688696725780410e-01
-3.629135173743267551e-01 6.386418123718724527e-01
-3.600456276184198501e-01 6.413380527424934474e-01
-3.571346577115227516e-01 6.440613639672883028e-01
-3.541781503423416244e-01 6.468155260506497362e-01
-3.512900747201989082e-01 6.497234408365539782e-01
-3.483779964384184913e-01 6.524585891344567568e-01
-3.455571217855241684e-01 6.553292313199384767e-01
-3.427362471456331106e-01 6.582458326655598047e-01
-3.399153724277221844e-01 6.609739294965447653e-01
-3.370944975407679789e-01 6.637013967455046570e-01
-3.341824213291169632e-01 6.663361856141889472e-01
-3.312943457199775121e-01 6.691840336587299154e-01
-3.283378382337664991e-01 6.719159100780007776e-01
-3.254268680798063085e-01 6.748388072828819251e-01
-3.225589760197099531e-01 6.777182635256899790e-01
-3.197317028150907792e-01 6.805580519892732161e-01
-3.169425824060170815e-01 6.833619526780234654e-01
-3.141891574811950250e-01 6.861337455963333332e-01
-3.114689619806930154e-01 6.888772039270505410e-01
-3.087795385932169956e-01 6.915961096016604026e-01
-3.061184212588355935e-01 6.942942358030106398e-01
-3.034831507391619887e-01 6.969753649957226571e-01
-3.008712677958091941e-01 6.996432703626446203e-01
-2.982803063688456713e-01 7.023017338352611771e-01
-2.957078091469776404e-01 7.049545285964206043e-01
-2.931513100702733410e-01 7.076054365776078825e-01
-2.906083499003460635e-01 7.102582309616709555e-01
-2.880764669385796894e-01 7.129166917530017633e-01
-2.855531994863582113e-01 7.155845989559932452e-01
-2.830360883052947529e-01 7.182657257534927897e-01
-2.805226673354576650e-01 7.208447303103084902e-01
-2.780104792655532231e-01 7.234174388648282328e-01
-2.754970580356496668e-01 7.259863697451514053e-01
-2.729799444073602865e-01 7.285540437396071933e-01
-2.704566791422981509e-01 7.311229748149801200e-01
-2.679247961805318323e-01 7.337889935969797994e-01
-2.653818382107672735e-01 7.364367514288696626e-01
-2.628253391730730470e-01 7.390700302421346901e-01
-2.602528417561550400e-01 7.416926056798520683e-01
-2.576618799000817694e-01 7.443082533850988725e-01
-2.550499943664665259e-01 7.469207552893600832e-01
-2.524147259169222668e-01 7.495338845754836443e-01
-2.497536084915175647e-01 7.521514212478618289e-01
-2.470641847789585011e-01 7.547771428506578895e-01
-2.443439887193134818e-01 7.574148293882642102e-01
-2.415905610741956311e-01 7.600682540435281798e-01
-2.388014426052181560e-01 7.627411987479356670e-01
-2.359741672524494904e-01 7.654374366843338384e-01
-2.331062777045957712e-01 7.681607497842084520e-01
-2.301953079017253490e-01 7.709149136906358057e-01
-2.272388005325443050e-01 7.737037040466938631e-01
-2.243507248063748849e-01 7.766500246234511184e-01
-2.214386463165412544e-01 7.794273562303628555e-01
-2.186177713515670973e-01 7.823439573159176597e-01
-2.157968962955696401e-01 7.850720538348229249e-01
-2.129760235177548811e-01 7.877995207196897276e-01
-2.100639469680175009e-01 7.904343091722675352e-01
-2.071758710337948117e-01 7.932821592089180918e-01
-2.042193613084111181e-01 7.960140332069697289e-01
-2.013083932895969874e-01 7.987503165053655430e-01
-1.984405009174208812e-01 8.016788796754017454e-01
-1.956132249534959511e-01 8.045652609693947355e-01
-1.928241061594353489e-01 8.074132360304220324e-01
-1.900706784753075362e-01 8.102265805015602673e-01
-1.873504845898185389e-01 8.130090763142947541e-01
-1.846610584430368740e-01 8.157644966514732143e-01
-1.819999407965756377e-01 8.184966215174882542e-01
-1.793646724120480929e-01 8.212092284565026823e-01
-1.767527872295225622e-01 8.239060974729088827e-01
-1.741618279377051826e-01 8.265910017495551321e-01
-1.715893284766643601e-01 8.292677232179260782e-01
-1.690328315351062594e-01 8.319400375210989074e-01
-1.664898710530991199e-01 8.346117222292434024e-01
-1.639579877922563156e-01 8.372865549125296791e-01
-1.614347225141908870e-01 8.399683112140342578e-01
-1.589176091589713236e-01 8.426607711381495225e-01
-1.564041904153036788e-01 8.452485903894548791e-01
-1.538920002232564144e-01 8.478275952063372145e-01
-1.513785793444426819e-01 8.504003039168965827e-01
-1.488614660802463907e-01 8.529692348492331488e-01
-1.463381987320515054e-01 8.555369087916756543e-01
-1.438063180614711500e-01 8.581058397110089553e-01
-1.412633580085738139e-01 8.607718582329418888e-01
-1.387068612620655228e-01 8.634196181609676835e-01
-1.361343617620147661e-01 8.660528970652563441e-01
-1.335434002700346401e-01 8.686754725159770985e-01
-1.309315175477383797e-01 8.712911201562070218e-01
-1.282962475351944187e-01 8.739036199903388313e-01
-1.256351329211087831e-01 8.765167495625355576e-01
-1.229457076455499204e-01 8.791342864169603422e-01
-1.202255143972239260e-01 8.817600080977763266e-01
-1.174720871161992058e-01 8.843976946093758951e-01
-1.146829665640889395e-01 8.870511191346066582e-01
-1.118556935025063204e-01 8.897240636049543738e-01
-1.089878018715197683e-01 8.924203036634953401e-01
-1.060768343598353369e-01 8.951436168803997839e-01
-1.031203249075215017e-01 8.978977808258373772e-01
-1.002322470852159558e-01 9.008056929824693748e-01
-9.732017084755835434e-02 9.035408409812955011e-01
-9.449929619466401753e-02 9.064114808105745436e-01
-9.167842143774307395e-02 9.093280821041824780e-01
-8.885754648577225134e-02 9.120561787271144194e-01
-8.603667370795747837e-02 9.147836456119813331e-01
-8.312459705419346367e-02 9.174184339605324645e-01
-8.023652091191760261e-02 9.202662837891296688e-01
-7.728001087445408868e-02 9.229981574751012774e-01
-7.436904051244067060e-02 9.259210561779657178e-01
-7.150115058749045849e-02 9.288005118616309286e-01
-6.867387503967194162e-02 9.316403020962669146e-01
-6.588475655769114592e-02 9.344442025249505290e-01
-6.313132908161653289e-02 9.372159931520746001e-01
-6.041113530015418398e-02 9.399594515218018254e-01
-5.772170915337249825e-02 9.426783551782953463e-01
-5.506059140288468295e-02 9.453764816657187486e-01
-5.242532281030388291e-02 9.480576085282350629e-01
-4.981343924279144075e-02 9.508188236805237281e-01
-4.722247902773793471e-02 9.537326559627158362e-01
-4.464997856544104110e-02 9.567550327345774042e-01
-4.209347861751394637e-02 9.598443997880009571e-01
-3.955051801847692811e-02 9.629617213470056392e-01
-3.701863699680679048e-02 9.660704800677367698e-01
-3.449537141966487613e-02 9.691366789655594394e-01
-3.197825768734886831e-02 9.721288351266497152e-01
-2.946483656147194652e-02 9.748988646899554578e-01
-2.695264441632514579e-02 9.775123727603587387e-01
-2.443922584170073881e-02 9.799441749645810829e-01
-2.192211477766718361e-02 9.821716053614707453e-01
-1.939884762452218428e-02 9.841745189022316209e-01
-1.686696514387889256e-02 9.859352846088782485e-01
-1.432400756421412479e-02 9.874387918626451599e-01
-1.176751075268921143e-02 9.886724484768928400e-01
-9.195011109601851362e-03 9.896261826242018778e-01
-6.604049396565208480e-03 9.902924365479631730e-01
-3.992164448099562966e-03 9.906661733839238204e-01
-1.356896492681725509e-03 9.907448746999572009e-01
1.304218602526968423e-03 9.905285404960634255e-01
3.993644437228825381e-03 9.900196892043688912e-01
6.713840249810679520e-03 9.892233576891266145e-01
9.467267205752248269e-03 9.881471037069458063e-01
1.225638507657672571e-02 9.868009990852458779e-01
1.508365799512277096e-02 9.851976360106659003e-01
1.795154956109269034e-02 9.833521251019718967e-01
2.086251901287332344e-02 9.812820973371491062e-01
2.381902997617362308e-02 9.790076977649934120e-01
2.670710505217676820e-02 9.766707141662411829e-01
2.961918110778780089e-02 9.739660385407784560e-01
3.244005568266218609e-02 9.711325442278181397e-01
3.526092993245342339e-02 9.679867634989569591e-01
3.808180202109191781e-02 9.647442741962383161e-01
4.090267447382352900e-02 9.614365567732565676e-01
4.372354928275778291e-02 9.580976125759624873e-01
4.654442407868870923e-02 9.547639570211172710e-01
4.936530087973246828e-02 9.514746258847019966e-01
5.218617348850397575e-02 9.482711733748244720e-01
5.500704635734201403e-02 9.451976740588109438e-01
5.782792147835608132e-02 9.423007165747996350e-01
6.064879894256945680e-02 9.395102886137002285e-01
6.346967640678281841e-02 9.367318231531881478e-01
6.629054960070400460e-02 9.339640610812270927e-01
6.911142297667176304e-02 9.312057432857807626e-01
7.193229606656634245e-02 9.284556106548116361e-01
7.475317332272650439e-02 9.257124040762839678e-01
7.757405047486007343e-02 9.229748619779311047e-01
8.039492325267480477e-02 9.202417290758961865e-01
8.321579610850954323e-02 9.175117418708198525e-01
8.603666857424445424e-02 9.147836456119813331e-01
8.885754510221838265e-02 9.120561787271144194e-01
9.167841756795332142e-02 9.093280821041824780e-01
9.449929042378801824e-02 9.065980966311493194e-01
9.732016320160280509e-02 9.038649631959779773e-01
1.001410403537363464e-01 9.011274226866315962e-01
1.029619176098965083e-01 8.983842159910737646e-01
1.057827906997910739e-01 8.956340815370386066e-01
1.086036640757588323e-01 8.928757621135756661e-01
1.114245372696800324e-01 8.901080005097344872e-01
1.142454147338933801e-01 8.873295332261561530e-01
1.170662921981067695e-01 8.845391055121198942e-01
1.198871653920279556e-01 8.817354557953593908e-01
1.227080387679956863e-01 8.789173249638382313e-01
1.255289118578902796e-01 8.760834539055196712e-01
1.283497891140504277e-01 8.732325835083670773e-01
1.311706662661839828e-01 8.703634546603438160e-01
1.339915390439987419e-01 8.674748082494134760e-01
1.368124118998334249e-01 8.645653827033095151e-01
1.396332843655683775e-01 8.616339208110821435e-01
1.424541608935422921e-01 8.586791653617806830e-01
1.452750333592772725e-01 8.556998528560463280e-01
1.480959062151119554e-01 8.528138503827421557e-01
1.509167789929267145e-01 8.499278476753783229e-01
1.537376561450602697e-01 8.470418448379809506e-01
1.565585334012204455e-01 8.441558419745771591e-01
1.593794064911149833e-01 8.411765312789059035e-01
1.622002798670827695e-01 8.382217754785143971e-01
1.650211530610039279e-01 8.352903154613665615e-01
1.678420305252173172e-01 8.323808921154256524e-01
1.706629079894307066e-01 8.294922438684254606e-01
1.734837811833518928e-01 8.266231135094157523e-01
1.763046545593196512e-01 8.237722438274461823e-01
1.791255276492141890e-01 8.209383713231578339e-01
1.819464049053743371e-01 8.181202412458296047e-01
1.847672820575078922e-01 8.153165920231953967e-01
1.875881548353226513e-01 8.125261645432189095e-01
1.904090276911573898e-01 8.097476996938632876e-01
1.932299001568923147e-01 8.069799383630920087e-01
1.960507766848662292e-01 8.042216189786388636e-01
1.988716491506011819e-01 8.014714867897831940e-01
2.016925220064358648e-01 7.987282802242585689e-01
2.045133947842506239e-01 7.959907377097993342e-01
2.073342719363841791e-01 7.932576044956844985e-01
2.101551491925443826e-01 7.905276170825549231e-01
2.129760222824389204e-01 7.877995207196897276e-01
2.157968956584067066e-01 7.850720538348229249e-01
2.186177688523278928e-01 7.823439573159176597e-01
2.214386463165412544e-01 7.796139720509376314e-01
2.242595237807546160e-01 7.768808389278462068e-01
2.270803969746758022e-01 7.741432963743769546e-01
2.299012703506435606e-01 7.714000896398091056e-01
2.327221434405380984e-01 7.686499571518768947e-01
2.355430206966982465e-01 7.658916373383140019e-01
2.383638978488318572e-01 7.631238754483996578e-01
2.411847706266465607e-01 7.603454079827749457e-01
2.440056434824813270e-01 7.575549801907185410e-01
2.468265159482162519e-01 7.547513304999647898e-01
2.496473924761901941e-01 7.519331997984769478e-01
2.524682649419250913e-01 7.490993289742182704e-01
2.552891377977598020e-01 7.462484589151520131e-01
2.581100105755745333e-01 7.433793280490127442e-01
2.609308877277081162e-01 7.404906816250789170e-01
2.637517649838682643e-01 7.375812580710847666e-01
2.665726380737628576e-01 7.346497958147640839e-01
2.693935114497306160e-01 7.316950401053959885e-01
2.722143846436517745e-01 7.287157274436218968e-01
2.750352621078651638e-01 7.258297249183044419e-01
2.778561395720785532e-01 7.229437222629538917e-01
2.806770127659997671e-01 7.200577195815963671e-01
2.834978861419674145e-01 7.170784090679716005e-01
2.863187592318620078e-01 7.141236534496270272e-01
2.891396364880222669e-01 7.111921936145257916e-01
2.919605136401557388e-01 7.082827699174948366e-01
2.947813864179705257e-01 7.053941232464977507e-01
2.976022592738052364e-01 7.025249944894977894e-01
3.004231317395401613e-01 6.996741220742291878e-01
3.032440082675140758e-01 6.968402512499705104e-01
3.060648807332490007e-01 6.940221185173631735e-01
3.088857535890837114e-01 6.912184691256857416e-01
3.117066263668984982e-01 6.884280415026726718e-01
3.145275035190320811e-01 6.856495765362871087e-01
3.173483807751922292e-01 6.828818126542631761e-01
3.201692538650867670e-01 6.801234951058798828e-01
3.229901272410545254e-01 6.773733623188709085e-01
3.258110004349757949e-01 6.746301551812001751e-01
3.286318778991891287e-01 6.718926145808304939e-01
3.314527553634024626e-01 6.691594789454964332e-01
3.342736285573237320e-01 6.664294935244763352e-01
3.370945019332914350e-01 6.637013967455046570e-01
3.399153750231859172e-01 6.609739294965447653e-01
3.427362522793461208e-01 6.582458326655598047e-01
3.455571294314796482e-01 6.555158471405132525e-01
3.483780022092944906e-01 6.527827113491391220e-01
3.511988750651292013e-01 6.500451705407163105e-01
3.540197475308640707e-01 6.473019631429789422e-01
3.568406240588380407e-01 6.445518300438902726e-01
3.596615003787587139e-01 6.417935121314137792e-01
3.624823722203340814e-01 6.390257478332833641e-01
3.653032440359026967e-01 6.362472823987781467e-01
3.681241202778034460e-01 6.334568542556320292e-01
3.709449966757440431e-01 6.306532042918084890e-01
3.737658689594324235e-01 6.278350733952705598e-01
3.765867415812073071e-01 6.250012024539818301e-01
3.794076140729488733e-01 6.221503298956766459e-01
3.822284908869960085e-01 6.192812009696333497e-01
3.850493677530564818e-01 6.163925541035865097e-01
3.878702404008378957e-01 6.134831301854990482e-01
3.906911132826791921e-01 6.105516701033346649e-01
3.935119859304608281e-01 6.075969122848273729e-01
3.963328627965211903e-01 6.046176019792556255e-01
3.991537396105682145e-01 6.017315994539382817e-01
4.019746121023098362e-01 5.988455969026141856e-01
4.047954847240846088e-01 5.959595944293100134e-01
4.076163570077730447e-01 5.930735896778231986e-01
4.104372334057136973e-01 5.900942792032084494e-01
4.132581096476143911e-01 5.871395213456911399e-01
4.160789814631831174e-01 5.842080613545498347e-01
4.188998533047583739e-01 5.812986376575189906e-01
4.217207296246790471e-01 5.784099911425618634e-01
4.245416061526530171e-01 5.755408626976417086e-01
4.273624786183879420e-01 5.726899907504926501e-01
4.301833514742227083e-01 5.698561205503935856e-01
4.330042242520373841e-01 5.670379905250787500e-01
4.358251014041710225e-01 5.642343415625111769e-01
4.386459786603311706e-01 5.614439120904251013e-01
4.414668517502257639e-01 5.586654473580995317e-01
4.442877251261934113e-01 5.558976838661753295e-01
4.471085983201146807e-01 5.531393668639316141e-01
4.499294757843280701e-01 5.503892328520094690e-01
4.527503532485414595e-01 5.476460265465515898e-01
4.555712264424626179e-01 5.449084863752916563e-01
4.583920998184303208e-01 5.421753532261933684e-01
4.612129729083249141e-01 5.394453679872199814e-01
4.640338501644850622e-01 5.367172715463348620e-01
4.668547273166186451e-01 5.339898047915012658e-01
4.696756000944333764e-01 5.312617061504532057e-01
4.724964729502680871e-01 5.285317208724699123e-01
4.753173454160030675e-01 5.257985854581923579e-01
4.781382219439769821e-01 5.230610451568991071e-01
4.809590944097118514e-01 5.203178364692317981e-01
4.837799672655466732e-01 5.175677041113327936e-01
4.866008400433614045e-01 5.148093865109361067e-01
4.894217171954948764e-01 5.120416245560049928e-01
4.922425944516550800e-01 5.092631591345031516e-01
4.950634675415496178e-01 5.064727311343935057e-01
4.978843409175174317e-01 5.036690814436397545e-01
5.007052141114386457e-01 5.008509484899758002e-01
5.035260915756519795e-01 4.980170775226805957e-01
5.063469690398653134e-01 4.951662050423951689e-01
5.091678422337865273e-01 4.922970762983986392e-01
5.119887156097542302e-01 4.894084277913319236e-01
5.148095886996488790e-01 4.864990042373376622e-01
5.176304659558089716e-01 4.835675440641498679e-01
5.204513431079426100e-01 4.806127881597320739e-01
5.232722158857573413e-01 4.776334774120474247e-01
5.260930887415919965e-01 4.747474745486435221e-01
5.289139612073270325e-01 4.718614717632595434e-01
5.317348377353008360e-01 4.689754691599221648e-01
5.345557102010357609e-01 4.659961564721413207e-01
5.373765830568705271e-01 4.630414007887799777e-01
5.401974558346851474e-01 4.601099386104793854e-01
5.430183329868188968e-01 4.572005151865184969e-01
5.458392102429789894e-01 4.543118689446311587e-01
5.486600833328735272e-01 4.514427402396444244e-01
5.514809567088413411e-01 4.485918699595218273e-01
5.543018299027625551e-01 4.457579989922266228e-01
5.571227073669758889e-01 4.429398682257220110e-01
5.599435848311892228e-01 4.401362185479715805e-01
5.627644580251104367e-01 4.373457908469385869e-01
5.655853314010781396e-01 4.345673260105862301e-01
5.684062044909727884e-01 4.317995624666487453e-01
5.712270817471329920e-01 4.290412430041758984e-01
5.740479588992665194e-01 4.262911084851240262e-01
5.768688316770811397e-01 4.235479016985429501e-01
5.796897045329159059e-01 4.208103610721666832e-01
5.825105769986509419e-01 4.180772274939587030e-01
5.853314535266247454e-01 4.153472418518821541e-01
5.881523259923597813e-01 4.126191450339005140e-01
5.909731988481944365e-01 4.098916779279772049e-01
5.937940716260092788e-01 4.071635814220752603e-01
5.966149487781428062e-01 4.044335964041584353e-01
5.994358260343028988e-01 4.017004613019605763e-01
6.022566991241974366e-01 3.989629189045313939e-01
6.050775725001652505e-01 3.962197100738275024e-01
6.078984456940864645e-01 3.934695775988985011e-01
6.107193231582997983e-01 3.907112599074785697e-01
6.135402006225131322e-01 3.879434978875308526e-01
6.163610738164344571e-01 3.851650324270189385e-01
6.191819471924021601e-01 3.823746044139060829e-01
6.220028202822966978e-01 3.795709547361555969e-01
6.248236975384567904e-01 3.767528242817309025e-01
6.276445746905903178e-01 3.739189539385953109e-01
6.304654474684051602e-01 3.710680821344828351e-01
6.332863203242398153e-01 3.681989516584432409e-01
6.361071927899748513e-01 3.653103052995260169e-01
6.389280693179487658e-01 3.624008814854652316e-01
6.417489417836836907e-01 3.594694211042242515e-01
6.445698146395184569e-01 3.565146650437664988e-01
6.473906874173330772e-01 3.535353541920552845e-01
6.502115645694667156e-01 3.506493512766380993e-01
6.530324418256268082e-01 3.477633484912540651e-01
6.558533149155214570e-01 3.448773459399299690e-01
6.586741882914891599e-01 3.419913437266923761e-01
6.614950614854103739e-01 3.390120315850512211e-01
6.643159389496237077e-01 3.360572741436402278e-01
6.671368164138371526e-01 3.331258122644161768e-01
6.699576896077581445e-01 3.302163887364285566e-01
6.727785629837259584e-01 3.273277419874115468e-01
6.755994360736206072e-01 3.244586129053284029e-01
6.784203133297808108e-01 3.216077423781427136e-01
6.812411904819143382e-01 3.187738712938174013e-01
6.840620632597291806e-01 3.159557405403162211e-01
6.868829361155637248e-01 3.131520910056023177e-01
6.897038085812987607e-01 3.103616635776391131e-01
6.925246851092727862e-01 3.075831966841607312e-01
6.953455575750073780e-01 3.048154331142166051e-01
6.981664304308422553e-01 3.020571137297636266e-01
7.009873032086570976e-01 2.993069813198512841e-01
7.038081803607906251e-01 2.965637743122135905e-01
7.066290576169507176e-01 2.938262335948140791e-01
7.094499307068454774e-01 2.910931000556160608e-01
7.122708040828130693e-01 2.883631145825827913e-01
7.150916772767342833e-01 2.856350180636775815e-01
7.179125547409475061e-01 2.829075513868639646e-01
7.207334322051608400e-01 2.801794554401051962e-01
7.235543053990821649e-01 2.774494686511353447e-01
7.263751787750499789e-01 2.747163338090040097e-01
7.291960518649446277e-01 2.719787937027607905e-01
7.320169291211048312e-01 2.692355867601398112e-01
7.348378062732383587e-01 2.664854538691043828e-01
7.376586790510530900e-01 2.637271359176178720e-01
7.404795519068877452e-01 2.609593737936436453e-01
7.433004243726225591e-01 2.581809083851450692e-01
7.461213009005964736e-01 2.553904805800853994e-01
7.489421772205172578e-01 2.525868312664280024e-01
7.517630490620926809e-01 2.497686988719070578e-01
7.545839208776612406e-01 2.469348261855721649e-01
7.574047971195621010e-01 2.440839540693799381e-01
7.602256735175025870e-01 2.412148253123799768e-01
7.630465458011910229e-01 2.383261783423064051e-01
7.658674184229657955e-01 2.354167540471225339e-01
7.686882909147073617e-01 2.324852933147918410e-01
7.715091677287546634e-01 2.295305370332775263e-01
7.743300445948150257e-01 2.265512260905430120e-01
7.771509172425963285e-01 2.236652232141357888e-01
7.799717901244378471e-01 2.207792205977950617e-01
7.827926627722192610e-01 2.178932183455474514e-01
7.856135396382796232e-01 2.149139061909029480e-01
7.884344164523267029e-01 2.119591487624953030e-01
7.912552889440684911e-01 2.090276869222811862e-01
7.940761615658430417e-01 2.061182634593102525e-01
7.968970338495316996e-01 2.032296168013165150e-01
7.997179102474722967e-01 2.003604878362633401e-01
8.025387864893729351e-01 1.975096174521140946e-01
8.053596583049417168e-01 1.946757465368321727e-01
8.081805301465170288e-01 1.918576159783808577e-01
8.110014064664375910e-01 1.890539666647234607e-01
8.138222829944115055e-01 1.862635394838234593e-01
8.166431554601465415e-01 1.834850728634148387e-01
8.194640283159810856e-01 1.807173095925472817e-01
8.222849010937960390e-01 1.779589924602703044e-01
8.251057782459294554e-01 1.752088598943180309e-01
8.279266555020897700e-01 1.724656527826537999e-01
8.307475285919843078e-01 1.697281120132409782e-01
8.335684019679520107e-01 1.669949784740429322e-01
8.363892751618732246e-01 1.642649930530229452e-01
8.392101526260865585e-01 1.615368966381443838e-01
8.420310300902997813e-01 1.588094301173706702e-01
8.448519032842211063e-01 1.560813319184358450e-01
8.476727766601889202e-01 1.533513448303895077e-01
8.504936497500834580e-01 1.506182097151883281e-01
8.533145270062436616e-01 1.478806693618819335e-01
8.561354041583770780e-01 1.451374621982043922e-01
8.589562769361919203e-01 1.423873291121190987e-01
8.617771497920266865e-01 1.396290109915893640e-01
8.645980222577615004e-01 1.368612487245785547e-01
8.674188987857355260e-01 1.340827831990499819e-01
8.702397712514705619e-01 1.312923553029670676e-01
8.730606441073052171e-01 1.284887059242930674e-01
8.758815168851199484e-01 1.256705734907621608e-01
8.787023940372534758e-01 1.228367007914239195e-01
8.815232712934136794e-01 1.199858286882349995e-01
8.843441443833082172e-01 1.171166999702450140e-01
8.871650177592760311e-01 1.142280530651881010e-01
8.899858909531971340e-01 1.113186288610275715e-01
8.928067684174104679e-01 1.083871682457267505e-01
8.956276458816240238e-01 1.054324121072490184e-01
8.984485190755451267e-01 1.024531013335577417e-01
9.012693924515127186e-01 9.956709865220038369e-02
9.040902655414072564e-01 9.668109625691619080e-02
9.069111427975674600e-01 9.379509425173179760e-02
9.097320199497010984e-01 9.090909028044452667e-02
9.125528927275158297e-01 8.792977843787984360e-02
9.153737655833505960e-01 8.497502335267152762e-02
9.181946380490855208e-01 8.204356345255360561e-02
9.210155145770594354e-01 7.913413962548951353e-02
9.238363870427943603e-01 7.624549275944256244e-02
9.266572598986290155e-01 7.337636374237610504e-02
9.294781326764437468e-01 7.052549346225346627e-02
9.322990098285774963e-01 6.769162280703802659e-02
9.351198870847376998e-01 6.487349266469313869e-02
9.379407601746320156e-01 6.206984146295289190e-02
9.407616335505998295e-01 5.927941199086686486e-02
9.435825067445211545e-01 5.650094511039175510e-02
9.464945858065010320e-01 5.373318361057715514e-02
9.495650676435490878e-01 5.097486399206428709e-02
9.527471817894226369e-01 4.822473150413195825e-02
9.559966232136498654e-01 4.548152264742140460e-02
9.592715397447151293e-01 4.274398267121146122e-02
9.625325506336053216e-01 4.001085193032910547e-02
9.657427279902628392e-01 3.728086695142219381e-02
9.688676093604016160e-01 3.455277300977623034e-02
9.718751977255077890e-01 3.182530417180984283e-02
9.747359489260229992e-01 2.909720761389473359e-02
9.774227902248913136e-01 2.636721983667212471e-02
9.799111017440125249e-01 2.363408608942083738e-02
9.821787328952436003e-01 2.080323688958760076e-02
9.842059859493973439e-01 1.799127382156378435e-02
9.859756345997893190e-01 1.519568291856495008e-02
9.874729053986899263e-01 1.241394146516906424e-02
9.886854903341422141e-01 9.643535494591690474e-03
9.896035468299604343e-01 6.881946145596563348e-03
9.902196851689146762e-01 4.126650728768302585e-03
9.905289870562778987e-01 1.375132843099880972e-03
9.905289870562778987e-01 -1.375128299737848458e-03
9.902196851689146762e-01 -4.126646666529323361e-03
9.896035468299604343e-01 -6.881944972696576145e-03
9.886854903341422141e-01 -9.643537185024043598e-03
9.874729053986899263e-01 -1.241394601893375770e-02
9.859756345997893190e-01 -1.519568544121015566e-02
9.842059859493973439e-01 -1.799127816727526252e-02
9.821787328952436003e-01 -2.080323816391353026e-02
9.799111017440125249e-01 -2.363408429236121128e-02
9.774227902248913136e-01 -2.636721740244953732e-02
9.747359489260229992e-01 -2.909720258940964865e-02
9.718751977255077890e-01 -3.182530142550743513e-02
9.688676093604016160e-01 -3.455276866146408943e-02
9.657427279902628392e-01 -3.728086779663837558e-02
9.623501474380722343e-01 -4.001085358175147932e-02
9.589547341945785508e-01 -4.274398951616215775e-02
9.555909507140678549e-01 -4.548153035059161742e-02
9.522957210324118904e-01 -4.822473958439860847e-02
9.491084395417132002e-01 -5.097487196830433054e-02
9.460709447703983255e-01 -5.373318714748177155e-02
9.432275456031240513e-01 -5.650094859528306812e-02
9.405997812948754255e-01 -5.937272333403225549e-02
9.377963838686421694e-01 -6.223190156383670568e-02
9.351377324381524581e-01 -6.517431634462844681e-02
9.325049232399984511e-01 -6.808462092075723282e-02
9.298954989628859247e-01 -7.096659283638621918e-02
9.273069984413356837e-01 -7.382401455613708807e-02
9.247369605098677559e-01 -7.666065490154203022e-02
9.221829278571882504e-01 -7.948030019140846225e-02
9.196424295289136186e-01 -8.228671924726863041e-02
9.171130082137499695e-01 -8.508369838792989581e-02
9.145922027462177750e-01 -8.787500643492456021e-02
9.120775558150228113e-01 -9.066442585287419476e-02
9.095665964657819735e-01 -9.333661480658708709e-02
9.070568673872011489e-01 -9.598739271290580855e-02
9.045459074138005873e-01 -9.861928664856785265e-02
9.020312553801005384e-01 -1.012348061930355564e-01
8.995104539748073336e-01 -1.038364784230463717e-01
8.969810322435374239e-01 -1.064268178385211622e-01
8.944405328749969186e-01 -1.091016487767609289e-01
8.918864947037055124e-01 -1.117456332567597216e-01
8.893164565641844543e-01 -1.143625401000497310e-01
8.867279611451394095e-01 -1.169561556254384016e-01
8.841185374921867179e-01 -1.195302486544579379e-01
8.814857282940323779e-01 -1.220886016517299943e-01
8.788270723851973054e-01 -1.246349921614177264e-01
8.761401086002014171e-01 -1.271731977276843173e-01
8.734223796277507113e-01 -1.297069958946929225e-01
8.706714145134617500e-01 -1.322401642066067251e-01
8.678847559460406424e-01 -1.347764851280473242e-01
8.650599427600077496e-01 -1.373197274805469936e-01
8.621945176440692915e-01 -1.398736775829131085e-01
8.592860096438414974e-01 -1.424421042566778872e-01
8.563319614480306985e-01 -1.450287899664630398e-01
8.533299118911570336e-01 -1.476375122564316800e-01
8.505102654257898909e-01 -1.502720486707470049e-01
8.476906231266884140e-01 -1.529361767535721561e-01
8.448709805415138829e-01 -1.556336740490703030e-01
8.420513381383855078e-01 -1.583683181014045593e-01
8.392316914649653459e-01 -1.611438864547382055e-01
8.364120447915450729e-01 -1.639641615736928404e-01
8.334099953386979731e-01 -1.668329122798005992e-01
8.303395147499690321e-01 -1.696348005920556290e-01
8.275209821390867582e-01 -1.724656508477589445e-01
8.246543213379032844e-01 -1.752088581674763612e-01
8.218282766328911526e-01 -1.779589915006248857e-01
8.190403868585705016e-01 -1.807173099592410681e-01
8.162881908494620253e-01 -1.834850726553616806e-01
8.136604328920379325e-01 -1.863568485384035078e-01
8.108570368181504673e-01 -1.892160278084739911e-01
8.081983817415281379e-01 -1.921584435255052070e-01
8.055655736876667916e-01 -1.950687489338468750e-01
8.029561514910865672e-01 -1.979507215776621365e-01
8.003676529200351997e-01 -2.008081439215726183e-01
7.977976157427603132e-01 -2.036447847871105665e-01
7.952435787937816025e-01 -2.064644304930834395e-01
7.927030809076202056e-01 -2.092708498610234280e-01
7.901736647729815655e-01 -2.120678253555521586e-01
7.876528594354825774e-01 -2.148591345208328285e-01
7.851382075838293506e-01 -2.176485549010285514e-01
7.826272480525415798e-01 -2.203207446609476705e-01
7.801175196761405140e-01 -2.229715232174326600e-01
7.776065651433314851e-01 -2.256034176472210828e-01
7.750919134997313886e-01 -2.282189375297752343e-01
7.725711074340462226e-01 -2.308206099418326218e-01
7.700416857807959037e-01 -2.335042592206943435e-01
7.675011873745014590e-01 -2.361545348085376250e-01
7.649471549038684426e-01 -2.387752230241699247e-01
7.623771174145136387e-01 -2.413700926891234333e-01
7.597886175951429344e-01 -2.439429262680198884e-01
7.571791942802766906e-01 -2.464975013050223485e-01
7.545463863044352681e-01 -2.490375953442940105e-01
7.518877314358661801e-01 -2.515669859299980438e-01
7.492007674428169395e-01 -2.540894506062976732e-01
7.464830331598080182e-01 -2.566087718378144977e-01
7.437320674213593330e-01 -2.591287184460806525e-01
7.409454129161773261e-01 -2.616530767499037347e-01
7.381205986898784488e-01 -2.641856155708157683e-01
7.352551674311688101e-01 -2.667301212276243505e-01
7.323466579745685490e-01 -2.692903625418616165e-01
7.293926091545980261e-01 -2.718701219781491374e-01
7.263905636599633509e-01 -2.744731770806502213e-01
7.235709210747885978e-01 -2.771033053935279544e-01
7.207512786716605557e-01 -2.797642844609454782e-01
7.179316319982401717e-01 -2.824598918270660453e-01
7.151119853248198988e-01 -2.851939099565112268e-01
7.122923429216918567e-01 -2.879701076708133245e-01
7.092902932867982679e-01 -2.907922712887796024e-01
7.063362496473527541e-01 -2.936641696319424732e-01
7.033113082399474747e-01 -2.964704647192958897e-01
7.005358481783110491e-01 -2.993069808881408944e-01
6.977098030831990760e-01 -3.020571132590432750e-01
6.949219133868984599e-01 -3.048154307814199826e-01
6.921697217781155320e-01 -3.075831925673077616e-01
6.895419589002329541e-01 -3.104549637119377037e-01
6.867385622281924062e-01 -3.133141469922339217e-01
6.840799070215368705e-01 -3.162565618250389177e-01
6.814471031599477202e-01 -3.191668663751610624e-01
6.788376796890416287e-01 -3.220488431072219271e-01
6.762491792975244831e-01 -3.249062608427537024e-01
6.736791408199167552e-01 -3.277429059005639855e-01
6.711251030907388060e-01 -3.305625471021848005e-01
6.685846087986966335e-01 -3.333689669122378296e-01
6.660551869894066890e-01 -3.361659428748862699e-01
6.635343803515751926e-01 -3.389572525342933185e-01
6.610197277197222832e-01 -3.417466734346220614e-01
6.585087679283682105e-01 -3.444188588202223844e-01
6.559990436662193058e-01 -3.470696417510262255e-01
6.534880839788920204e-01 -3.497015318064958800e-01
6.509734315550921302e-01 -3.523170560633688275e-01
6.484526252293404402e-01 -3.549187290215659041e-01
6.459232038361568673e-01 -3.575090690351935829e-01
6.433827100642477426e-01 -3.601839042957388770e-01
6.408286729592294062e-01 -3.628278842453790398e-01
6.382586352098079674e-01 -3.654447913487355315e-01
6.356701356505036760e-01 -3.680384031499716602e-01
6.330607169700228631e-01 -3.706124971932506229e-01
6.304279082139818691e-01 -3.731708510227355058e-01
6.277692520710868029e-01 -3.757172421825896169e-01
6.250822873758580256e-01 -3.782554482169758758e-01
6.223645529628158979e-01 -3.807892466700575906e-01
6.196135915206661959e-01 -3.833224200064564990e-01
6.168269320950255930e-01 -3.858587370477046807e-01
6.140021173746003091e-01 -3.884019841126096217e-01
6.111366861939104833e-01 -3.909559300227035128e-01
6.082281773874765873e-01 -3.935243572426080361e-01
6.052741336440045083e-01 -3.961110433164862776e-01
6.022720840091109196e-01 -3.987197657885014346e-01
5.994524417100095537e-01 -4.013543022028168150e-01
5.966327952446423000e-01 -4.040184301035953940e-01
5.938131488833019445e-01 -4.067159270350003686e-01
5.909935068962801630e-01 -4.094505705411949914e-01
5.881738648312384576e-01 -4.122261430868008891e-01
5.853542231562965936e-01 -4.150464134933502525e-01
5.823521742235826526e-01 -4.179151680796504564e-01
5.792816935308270354e-01 -4.207170562878788656e-01
5.764631563375728351e-01 -4.235479024553364669e-01
5.735965001187613987e-01 -4.262911093589475398e-01
5.707704555177758321e-01 -4.290412420939430094e-01
5.679825652233222444e-01 -4.317995597723597312e-01
5.652303680699208854e-01 -4.345673215062341166e-01
5.626026083440446302e-01 -4.374390923907975903e-01
5.597992109438179043e-01 -4.402982752029740432e-01
5.571405549829693271e-01 -4.432406942800645733e-01
5.545077454207222312e-01 -4.461509990642466561e-01
5.518983210915966442e-01 -4.490329758743274446e-01
5.493098208301129270e-01 -4.518903935318393517e-01
5.467397873249769669e-01 -4.547270383555896966e-01
5.441857496218056589e-01 -4.575466791671106703e-01
5.416452504093050013e-01 -4.603530984310241214e-01
5.391158285219950219e-01 -4.631500736914929139e-01
5.365950227943961925e-01 -4.659413824926804670e-01
5.340803759152146224e-01 -4.687308023787498668e-01
5.315694169300668737e-01 -4.714029865940507769e-01
5.290596885276590555e-01 -4.740537681985154128e-01
5.265487295425111958e-01 -4.766856616920643885e-01
5.240340826633296256e-01 -4.793011854288042883e-01
5.215132769357307962e-01 -4.819028577628416965e-01
5.189838550484209279e-01 -4.845865030314777111e-01
5.164433558359201593e-01 -4.872367832537064514e-01
5.138893181327487403e-01 -4.898574672510597194e-01
5.113192846276130021e-01 -4.924523374881595861e-01
5.087307843661292850e-01 -4.950251715091691374e-01
5.061213600370035870e-01 -4.975797468582514038e-01
5.034885504747563800e-01 -5.001198410795696381e-01
5.008298945139080249e-01 -5.026492317172870372e-01
4.981429348431642423e-01 -5.051717012360251724e-01
4.954252005081419274e-01 -5.076910184573162343e-01
4.926742341975470230e-01 -5.102109696999678201e-01
4.898875747458998342e-01 -5.127353237855118984e-01
4.870627609877207775e-01 -5.152678631785703178e-01
4.841973356117156846e-01 -5.178123654233062201e-01
4.812888276635011175e-01 -5.203726080638827467e-01
4.783347798317834632e-01 -5.229523686444629282e-01
4.753327309510827492e-01 -5.255554247092101283e-01
4.725130893281541677e-01 -5.281855538022873775e-01
4.696934473151258005e-01 -5.308465334678578174e-01
4.668738053801174126e-01 -5.335421461705434076e-01
4.640541590707902286e-01 -5.362761607318761170e-01
4.611433110596699358e-01 -5.389590536332828918e-01
4.582564637810941921e-01 -5.418990784288003626e-01
4.553011852626099865e-01 -5.447697183881127225e-01
4.522750132724649430e-01 -5.475747559758418204e-01
4.494983269243874591e-01 -5.504100106088303246e-01
4.466710511165024045e-01 -5.531588850640019039e-01
4.438819301352824320e-01 -5.559159444365880942e-01
4.411285028152477361e-01 -5.586824478386255288e-01
4.384083118451043704e-01 -5.614596543821507302e-01
4.357188862704690080e-01 -5.644354389997751076e-01
4.330577687800477027e-01 -5.673753355564935541e-01
4.304224982083607598e-01 -5.702831265169276964e-01
4.278106133899283181e-01 -5.731625807026096142e-01
4.252196570134565978e-01 -5.760174844323471266e-01
4.226471581245620501e-01 -5.788516065276720912e-01
4.200906594119510062e-01 -5.816687294532063568e-01
4.175476997101434939e-01 -5.844726307531128429e-01
4.150158178536597631e-01 -5.872670879715550241e-01
4.124925516107475487e-01 -5.900558786526957089e-01
4.099754387496543639e-01 -5.928427803406985941e-01
4.074620181049005141e-01 -5.955124512003714399e-01
4.049498285110063600e-01 -5.981607106485569147e-01
4.024364126566776223e-01 -6.007900857619928869e-01
3.999192995875312517e-01 -6.034030910405996373e-01
3.973960319922731355e-01 -6.060022448384838611e-01
3.948641487054236898e-01 -6.085900655097522538e-01
3.923211885615031647e-01 -6.112623773917058578e-01
3.897646942492173361e-01 -6.139038386491528776e-01
3.871921948141832104e-01 -6.165182268262565657e-01
3.846012329451067302e-01 -6.191093194671800637e-01
3.819893474765079788e-01 -6.216808941160862911e-01
3.793540772429074281e-01 -6.242367283171386116e-01
3.766929649330111318e-01 -6.267806045349588739e-01
3.740035395924357076e-01 -6.293162915910790467e-01
3.712833439098870425e-01 -6.318475758043065049e-01
3.685299167198856640e-01 -6.343782259961736614e-01
3.657407968569516554e-01 -6.369120284854876690e-01
3.629135220893326963e-01 -6.394527520937809406e-01
3.600456301852762997e-01 -6.420041792856752139e-01
3.571346599793027710e-01 -6.445700876053336303e-01
3.541781503059323599e-01 -6.471542545969188875e-01
3.512900766628958005e-01 -6.498795821044082155e-01
3.483780022092944906e-01 -6.524195484770272113e-01
3.455571294314796482e-01 -6.550824209119017194e-01
3.427362522793461208e-01 -6.577786583931836129e-01
3.399153750231859172e-01 -6.605120472396803777e-01
3.370945019332914350e-01 -6.632863562729240936e-01
3.341824269595571328e-01 -6.660120619743419290e-01
3.312943525883341733e-01 -6.689974178979705144e-01
3.283378419787243985e-01 -6.719159073134937099e-01
3.254268706284582091e-01 -6.746521883857201640e-01
3.225589773720558551e-01 -6.773941360472612860e-01
3.197317010440377527e-01 -6.801430094101535984e-01
3.169425843331099557e-01 -6.829000675864339565e-01
3.141891562848890818e-01 -6.856665696881388827e-01
3.114689595880810735e-01 -6.884437748273047886e-01
3.087795330772061808e-01 -6.914195628570017904e-01
3.061184155867849310e-01 -6.943594589195937195e-01
3.034831498055232113e-01 -6.972672493338882838e-01
3.008712647790375838e-01 -7.001467029214173410e-01
2.982803031960342133e-01 -7.030016021468027398e-01
2.957078038910333495e-01 -7.058357245542076219e-01
2.931513095527409907e-01 -7.086528476877949068e-01
2.906083492267738100e-01 -7.114567490917281800e-01
2.880764656018378056e-01 -7.142512063101702502e-01
2.855531975124533384e-01 -7.170399968872844809e-01
2.830360837931407136e-01 -7.198268983672340138e-01
2.805226671326058185e-01 -7.224965689148271641e-01
2.780104765764654373e-01 -7.251448328673646415e-01
2.754970548134255681e-01 -7.277742085789534743e-01
2.729799406780064608e-01 -7.303872144036999137e-01
2.704566730047284207e-01 -7.329863648415247956e-01
2.679247944822975014e-01 -7.356674929523603357e-01
2.653818341563303207e-01 -7.383152519805560310e-01
2.628253347155329323e-01 -7.409334194702749121e-01
2.602528349944255859e-01 -7.435257729656806758e-01
2.576618738275286424e-01 -7.460960900109362415e-01
2.550499939035481001e-01 -7.486481481502045288e-01
2.524147242681005210e-01 -7.511857249276490123e-01
2.497536076098921531e-01 -7.537126028078913187e-01
2.470641827634429966e-01 -7.562325506124635277e-01
2.443439924174592992e-01 -7.587493546601731254e-01
2.415905656175576510e-01 -7.612667837725521913e-01
2.388014450524440779e-01 -7.637886204142223523e-01
2.359741695566388298e-01 -7.663186421293473050e-01
2.331062779646622674e-01 -7.688606264620897468e-01
2.301953129652203889e-01 -7.714183509566128194e-01
2.272388036039298398e-01 -7.739955931570798864e-01
2.243507253785212152e-01 -7.767152549074674006e-01
2.214386463165412544e-01 -7.792508145570014033e-01
2.186177688523278928e-01 -7.819105393028074058e-01
2.157968956584067066e-01 -7.846048881290378363e-01
2.129760222824389204e-01 -7.873376473544995147e-01
2.100639475947777834e-01 -7.900192759633446471e-01
2.071758691613158898e-01 -7.929580411526991890e-01
2.042193588637858936e-01 -7.958274212717887375e-01
2.013083883457325307e-01 -7.987503181645899675e-01
1.984404964416761619e-01 -8.014922656960976610e-01
1.956132258403227853e-01 -8.042411387989234495e-01
1.928241055872890186e-01 -8.069981965851039662e-01
1.900706783712809156e-01 -8.097646981666758448e-01
1.873504830268187815e-01 -8.125419075761339816e-01
1.846610622426086701e-01 -8.155176910234589460e-01
1.819999450642671990e-01 -8.184575911482901978e-01
1.793646741805003941e-01 -8.213653767721593724e-01
1.767527884258285331e-01 -8.242448342138741779e-01
1.741618266347719490e-01 -8.270997322949668051e-01
1.715893314960366400e-01 -8.299338534800588807e-01
1.690328320552392516e-01 -8.327509753133139903e-01
1.664898710010858374e-01 -8.355548753388944982e-01
1.639579871680966472e-01 -8.383493311009642124e-01
1.614347193907920142e-01 -8.411381201436860522e-01
1.589176103578779642e-01 -8.439250249316816443e-01
1.564041891149710872e-01 -8.465946949071282424e-01
1.538919983507774925e-01 -8.492429582615129702e-01
1.513785768998174019e-01 -8.518723333489419680e-01
1.488614635966111766e-01 -8.544853385235221532e-01
1.463382011298647867e-01 -8.570844921393598881e-01
1.438063185451949055e-01 -8.596723086963761196e-01
1.412633585313075035e-01 -8.623446212545027301e-01
1.387068599227229970e-01 -8.649860830580893278e-01
1.361343654081473009e-01 -8.676004716512994985e-01
1.335434040331971439e-01 -8.701915645782959396e-01
1.309315184865785242e-01 -8.727631393832421258e-01
1.282962476028116916e-01 -8.753189785307597948e-01
1.256351302164170070e-01 -8.778628508423808041e-01
1.229457090161004684e-01 -8.803985426369128620e-01
1.202255130474787076e-01 -8.829298227358881590e-01
1.174720849992577643e-01 -8.854604736039279889e-01
1.146829637059579299e-01 -8.879942727851961592e-01
1.118556880020995375e-01 -8.905349978238553676e-01
1.089878005763885160e-01 -8.930864262640687556e-01
1.060768304744416080e-01 -8.956523356499997979e-01
1.031203203849647976e-01 -8.982365035258113029e-01
1.002322419515029317e-01 -9.009618317354802786e-01
9.732016320160280509e-02 -9.035018035486908072e-01
9.449929042378801824e-02 -9.061646725194791863e-01
9.167841756795332142e-02 -9.088609151292728061e-01
8.885754510221838265e-02 -9.115943001996037465e-01
8.603666857424445424e-02 -9.143686101950937450e-01
8.312459065655716794e-02 -9.170943128225252927e-01
8.023651763768016587e-02 -9.200796703585663039e-01
7.728001267671506802e-02 -9.229981611524420426e-01
7.436904254876147702e-02 -9.257344433689611574e-01
7.150114994252550205e-02 -9.284763919407350574e-01
6.867387369252737905e-02 -9.312252659798005983e-01
6.588475263328742726e-02 -9.339823245981936362e-01
6.313132945351165870e-02 -9.367488269079516927e-01
6.041113319881673271e-02 -9.395260369415695534e-01
5.772170655790867522e-02 -9.425018209090275656e-01
5.506058836530777767e-02 -9.454417214499650779e-01
5.242531745553431766e-02 -9.483495073859140589e-01
4.981343459020147468e-02 -9.513222710188766751e-01
4.722247317624132801e-02 -9.544325406558470393e-01
4.464997344213068181e-02 -9.576362436565915015e-01
4.209347422238982755e-02 -9.608918258130025869e-01
3.955051627863193781e-02 -9.641602513490992177e-01
3.701863601115470276e-02 -9.674050029210270463e-01
3.449536928711944422e-02 -9.705920816170580112e-01
3.197825633500299414e-02 -9.736900118780494884e-01
2.946483791641849037e-02 -9.765507035545404335e-01
2.695265043166365782e-02 -9.792397636785065140e-01
2.443922782080692330e-02 -9.817320078766686997e-01
2.192211467364058031e-02 -9.840047702078754677e-01
1.939884736445566388e-02 -9.860379070172872185e-01
1.686696665486535351e-02 -9.878137805053740506e-01
1.432400894516732553e-02 -9.893172888020076439e-01
1.176751010252292257e-02 -9.905358309719110022e-01
9.195010355408955727e-03 -9.914593420092095988e-01
6.604048538345706071e-03 -9.920802627633378279e-01
3.992165412946337491e-03 -9.923935563700426732e-01
1.356897379508544520e-03 -9.923967043971974045e-01
-1.304219694806335204e-03 -9.920897068448023548e-01
-3.993645581521494681e-03 -9.914750821449836993e-01
-6.713841446116653074e-03 -9.905578671619947873e-01
-9.467266526978639768e-03 -9.893456210464008915e-01
-1.225638442380977064e-02 -9.878484088040769828e-01
-1.508365926944869526e-02 -9.860788313702997243e-01
-1.795155083541861984e-02 -9.840519906151976581e-01
-2.086251836010636837e-02 -9.817855243383005748e-01
-2.381902544321425758e-02 -9.792995761944478517e-01
-2.670710041519078898e-02 -9.767359364246049891e-01
-2.961917821584814786e-02 -9.737894902071133618e-01
-3.244005501689190690e-02 -9.706991152425014091e-01
-3.526093007288934322e-02 -9.675195918428499686e-01
-3.808180540195662406e-02 -9.642823955673016645e-01
-4.090267863488777911e-02 -9.610215253275847802e-01
-4.372355176379234126e-02 -9.577734984675529972e-01
-4.654442924100904433e-02 -9.545773507631881705e-01
-4.936530486915280402e-02 -9.514746364225974418e-01
-5.218618066633981534e-02 -9.482711844068461016e-01
-5.500705426336410103e-02 -9.451976831767430198e-01
-5.782792765233516624e-02 -9.423007238046487988e-01
-6.064880282536253692e-02 -9.395102964156957226e-01
-6.346967794637659033e-02 -9.367318271400079110e-01
-6.629055310640064036e-02 -9.339640655881799036e-01
-6.911142593622870978e-02 -9.312057477277169149e-01
-7.193230088819954626e-02 -9.284556144465816452e-01
-7.475317366601430535e-02 -9.257124066327377943e-01
-7.757404872201173474e-02 -9.229748651741487286e-01
-8.039492368698589186e-02 -9.202417309587778149e-01
-8.321579865196006287e-02 -9.175117448745880866e-01
-8.603667370795747837e-02 -9.147836478095433543e-01
-8.885754648577225134e-02 -9.120561806516065406e-01
-9.167842143774307395e-02 -9.093280842887412341e-01
-9.449929619466401753e-02 -9.065980946884524272e-01
-9.732017084755835434e-02 -9.038649614613342154e-01
-1.001410454874493566e-01 -9.011274205748914801e-01
-1.029619202053603383e-01 -8.983842129170875879e-01
-1.057827950923145299e-01 -8.956340793758859053e-01
-1.086036677791060029e-01 -8.928757608392496881e-01
-1.114245427180735326e-01 -8.901079981951424136e-01
-1.142454175400110794e-01 -8.873295323315273375e-01
-1.170662923359420127e-01 -8.845391041363677154e-01
-1.198871671968895769e-01 -8.817354544976274688e-01
-1.227080397536477741e-01 -8.789173243032692984e-01
-1.255289144585554351e-01 -8.760834495207981965e-01
-1.283497870153136322e-01 -8.732325797608085916e-01
-1.311706618762611687e-01 -8.703634509908052541e-01
-1.339915366721921020e-01 -8.674748040987516617e-01
-1.368124114941297043e-01 -8.645653799726111810e-01
-1.396332864330971923e-01 -8.616339195003469564e-01
-1.424541591198886514e-01 -8.586791635699223546e-01
-1.452750340068428569e-01 -8.556998530693008531e-01
-1.480959087247538386e-01 -8.528138531862592409e-01
-1.509167833646448686e-01 -8.499278492929920326e-01
-1.537376580175391916e-01 -8.470418453217046784e-01
-1.565585327744601352e-01 -8.441558413504175462e-01
-1.593794077264309439e-01 -8.411765276197699093e-01
-1.622002805042457307e-01 -8.382217731197112442e-01
-1.650211555602431879e-01 -8.352903138177463216e-01
-1.678420305252173172e-01 -8.323808906018386189e-01
-1.706629054901914466e-01 -8.294922443599510586e-01
-1.734837805461889038e-01 -8.266231159800476735e-01
-1.763046533240036629e-01 -8.237722463500913861e-01
-1.791255282759744993e-01 -8.209383763580455629e-01
-1.819464011058025410e-01 -8.181202468918736814e-01
-1.847672762658265910e-01 -8.153165939190802902e-01
-1.875881513868406514e-01 -8.125261670502600397e-01
-1.904090265598680498e-01 -8.097476983987320631e-01
-1.932299018759320031e-01 -8.069799375750903447e-01
-1.960507749658265964e-01 -8.042216205468399881e-01
-1.988716502818905218e-01 -8.014714882019442488e-01
-2.016925254549178648e-01 -7.987282814283666044e-01
-2.045134005759319251e-01 -7.959907411140701994e-01
-2.073342757359560029e-01 -7.932576081470184004e-01
-2.101551485657840446e-01 -7.905276234151745740e-01
-2.129760235177548811e-01 -7.877995278065024198e-01
-2.157968962955696401e-01 -7.850720572885063753e-01
-2.186177713515670973e-01 -7.823439614717806467e-01
-2.214386463165412544e-01 -7.796139763238305598e-01
-2.242595212815154115e-01 -7.768808427326192589e-01
-2.270803963375128409e-01 -7.741433015861098887e-01
-2.299012691153276000e-01 -7.714000937722660378e-01
-2.327221440672984365e-01 -7.686499601790511838e-01
-2.355430168971264504e-01 -7.658916416944281380e-01
-2.383638920571505282e-01 -7.631238792063608223e-01
-2.411847671781645885e-01 -7.603454136028124921e-01
-2.440056423511919592e-01 -7.575549857717460700e-01
-2.468265176672559125e-01 -7.547513316806667705e-01
-2.496473907571504780e-01 -7.519332009401689110e-01
-2.524682660732144313e-01 -7.490993295177572620e-01
-2.552891412462418019e-01 -7.462484583013951900e-01
-2.581100163672558900e-01 -7.433793281790459506e-01
-2.609308915272798846e-01 -7.404906800386732435e-01
-2.637517643571080095e-01 -7.375812547682398801e-01
-2.665726393090788182e-01 -7.346497932557095600e-01
-2.693935120868935496e-01 -7.316950363890456499e-01
-2.722143871428909789e-01 -7.287157250562112942e-01
-2.750352621078651638e-01 -7.258297244449833929e-01
-2.778561370728392932e-01 -7.229437199275564607e-01
-2.806770121288367781e-01 -7.200577154361360588e-01
-2.834978849066514539e-01 -7.170784050655478747e-01
-2.863187598586223737e-01 -7.141236490831102124e-01
-2.891396346155433728e-01 -7.111921883767861052e-01
-2.919605092684376402e-01 -7.082827638345390309e-01
-2.947813839083286425e-01 -7.053941163443324669e-01
-2.976022586262396241e-01 -7.025249867941295578e-01
-3.004231335131938296e-01 -6.996741160718938923e-01
-3.032440061999853165e-01 -6.968402450655886149e-01
-3.060648811389528046e-01 -6.940221146631772031e-01
-3.088857559608903514e-01 -6.912184657526231346e-01
-3.117066307568213124e-01 -6.884280343014307357e-01
-3.145275056177688211e-01 -6.856495699201951011e-01
-3.173483781745270460e-01 -6.828818085764202239e-01
-3.201692528794347070e-01 -6.801234911580700260e-01
-3.229901254361928764e-01 -6.773733585531078738e-01
-3.258110002971404962e-01 -6.746301516494968009e-01
-3.286318750930713461e-01 -6.718926113352003959e-01
-3.314527499150090040e-01 -6.691594784981820254e-01
-3.342736248539764365e-01 -6.664294940264046119e-01
-3.370944975407679789e-01 -6.637013938873737029e-01
-3.399153724277221844e-01 -6.609739276916832829e-01
-3.427362471456331106e-01 -6.582458275526521518e-01
-3.455571217855241684e-01 -6.555158430808749603e-01
-3.483779964384184913e-01 -6.527827102438563678e-01
-3.511988711953394349e-01 -6.500451699295599628e-01
-3.540197461473101881e-01 -6.473019630259490009e-01
-3.568406189251250304e-01 -6.445518304209868488e-01
-3.596614939811224598e-01 -6.417935130026366508e-01
-3.624823689460966447e-01 -6.390257516588618847e-01
-3.653032439110707186e-01 -6.362472872776260280e-01
-3.681241189670682035e-01 -6.334568558264337401e-01
-3.709449917448829903e-01 -6.306532069158796716e-01
-3.737658666968537990e-01 -6.278350726592822895e-01
-3.765867395266818130e-01 -6.250012026672364662e-01
-3.794076146867058630e-01 -6.221503329072468613e-01
-3.822284898077199511e-01 -6.192812042672768413e-01
-3.850493649807473218e-01 -6.163925576352898839e-01
-3.878702402968112750e-01 -6.134831338992490224e-01
-3.906911133867058683e-01 -6.105516739471179566e-01
-3.935119887027698216e-01 -6.075969186668594979e-01
-3.963328638757971922e-01 -6.046176089464376791e-01
-3.991537389968112248e-01 -6.017316050531703597e-01
-4.019746141568352749e-01 -5.988456010818831166e-01
-4.047954869866633443e-01 -5.959596009647816217e-01
-4.076163619386342085e-01 -5.930735960572548482e-01
-4.104372347164489399e-01 -5.900942853745869687e-01
-4.132581097724463692e-01 -5.871395291840958430e-01
-4.160789847374205541e-01 -5.842080683737451707e-01
-4.188998597023946280e-01 -5.812986438314982074e-01
-4.217207347583921129e-01 -5.784099964453180975e-01
-4.245416075362068442e-01 -5.755408671031685408e-01
-4.273624824881776529e-01 -5.726899966930125707e-01
-4.301833553180058334e-01 -5.698561261028138869e-01
-4.330042304780298279e-01 -5.670379913000770378e-01
-4.358251055990439160e-01 -5.642343418953963408e-01
-4.386459807720711757e-01 -5.614439138562767884e-01
-4.414668560881352399e-01 -5.586654480706817472e-01
-4.442877291780297222e-01 -5.558976854265743617e-01
-4.471086044940937310e-01 -5.531393668119183316e-01
-4.499294796671211016e-01 -5.503892331146766903e-01
-4.527503547881351897e-01 -5.476460252228129155e-01
-4.555712280210663656e-01 -5.449084840242903738e-01
-4.583921013580240511e-01 -5.421753504070723206e-01
-4.612129767911180012e-01 -5.394453652591222337e-01
-4.640338519511420512e-01 -5.367172645479448834e-01
-4.668547269291195567e-01 -5.339897978841344761e-01
-4.696755998889808326e-01 -5.312617012351960044e-01
-4.724964752830647652e-01 -5.285317154890930569e-01
-4.753173507421652455e-01 -5.257985815337885560e-01
-4.781382258241694272e-01 -5.230610402572459794e-01
-4.809591006201002217e-01 -5.203178325474288046e-01
-4.837799732938884434e-01 -5.175676992923002873e-01
-4.866008482978725347e-01 -5.148093813798236829e-01
-4.894217232628467196e-01 -5.120416196979624690e-01
-4.922425982798341315e-01 -5.092631551346801233e-01
-4.950634734398581815e-01 -5.064727236574813052e-01
-4.978843463737128716e-01 -5.036690748769602211e-01
-5.007052215337368661e-01 -5.008509447606219744e-01
-5.035260965507244446e-01 -4.980170741964298209e-01
-5.063469715156985185e-01 -4.951662040723471825e-01
-5.091678445925897911e-01 -4.922970752763371483e-01
-5.119887177735076289e-01 -4.894084286963633623e-01
-5.148095930505616202e-01 -4.864990052203890802e-01
-5.176304680545458226e-01 -4.835675457363775576e-01
-5.204513428764833138e-01 -4.806127862118338978e-01
-5.232722156803047975e-01 -4.776334762573520853e-01
-5.260930909183486603e-01 -4.747474722860647867e-01
-5.289139662214094040e-01 -4.718614683927975229e-01
-5.317348411473734604e-01 -4.689754685097559106e-01
-5.345557157872645737e-01 -4.659961580091344091e-01
-5.373765883050128922e-01 -4.630414020787098628e-01
-5.401974631529570248e-01 -4.601099416064456937e-01
-5.430183379618913619e-01 -4.572005174803051020e-01
-5.458392147499316893e-01 -4.543118705882515096e-01
-5.486600892467861090e-01 -4.514427418182482277e-01
-5.514809615434778101e-01 -4.485918720582586783e-01
-5.543018360923456234e-01 -4.457579972757875209e-01
-5.571227105241833844e-01 -4.429398670814292949e-01
-5.599435849300145041e-01 -4.401362135885030780e-01
-5.627644574737693528e-01 -4.373457864076031321e-01
-5.655853301475575190e-01 -4.345673215062341166e-01
-5.684062049434884800e-01 -4.317995597723597312e-01
-5.712270819525855359e-01 -4.290412420939430094e-01
-5.740479569045562336e-01 -4.262911093589475398e-01
-5.768688298904243172e-01 -4.235479024553364669e-01
-5.796897029022989312e-01 -4.208103622710733238e-01
-5.825105779322896637e-01 -4.180772296941214217e-01
-5.853314550714198150e-01 -4.153472406919854754e-01
-5.881523300493973760e-01 -4.126191448752599689e-01
-5.909732029572454248e-01 -4.098916782114496171e-01
-5.937940757870733277e-01 -4.071635815885178422e-01
-5.966149505309911172e-01 -4.044335958944280662e-01
-5.994358272800215381e-01 -4.017004620171434892e-01
-6.022567017638726927e-01 -3.989629208446275888e-01
-6.050775740735675479e-01 -3.962197132648436204e-01
-6.078984486614453786e-01 -3.934695801657550618e-01
-6.107193231582997983e-01 -3.907112624353250019e-01
-6.135401976551542180e-01 -3.879435009615170848e-01
-6.163610722430319377e-01 -3.851650317118360256e-01
-6.191819445527270149e-01 -3.823746042968761416e-01
-6.220028190365780585e-01 -3.795709546841422588e-01
-6.248236957856084794e-01 -3.767528237615979103e-01
-6.276445705295261579e-01 -3.739189524172061851e-01
-6.304654433593540608e-01 -3.710680815389305609e-01
-6.332863162672022206e-01 -3.681989520147343486e-01
-6.361071912451797816e-01 -3.653103047325809705e-01
-6.389280683843099329e-01 -3.624008805804337374e-01
-6.417489434143006655e-01 -3.594694204462559606e-01
-6.445698164261752794e-01 -3.565146652180110620e-01
-6.473906894120433630e-01 -3.535353508632038677e-01
-6.502115643640141718e-01 -3.506493463717835768e-01
-6.530324413731110056e-01 -3.477633458385756549e-01
-6.558533161690421887e-01 -3.448773406189690194e-01
-6.586741888428302438e-01 -3.419913395656281052e-01
-6.614950613865850926e-01 -3.390120280507472605e-01
-6.643159357924162123e-01 -3.360572712621032188e-01
-6.671368102242539733e-01 -3.331258100876594019e-01
-6.699576847731217866e-01 -3.302163854153791211e-01
-6.727785570698135986e-01 -3.273277381332257430e-01
-6.755994315666679073e-01 -3.244586091291626340e-01
-6.784203083547083457e-01 -3.216077392911531607e-01
-6.812411831636426829e-01 -3.187738645867019827e-01
-6.840620560844939968e-01 -3.159557346264036393e-01
-6.868829291093718759e-01 -3.131520853777629565e-01
-6.897038042303860195e-01 -3.103616577287431344e-01
-6.925246815385592836e-01 -3.075831925673077616e-01
-6.953455567636001033e-01 -3.048154307814199826e-01
-6.981664299965312237e-01 -3.020571132590432750e-01
-7.009873032294625661e-01 -2.993069808881408944e-01
-7.038081784545030528e-01 -2.965637745566761518e-01
-7.066290538355836093e-01 -2.938262302321540398e-01
-7.094499294637274245e-01 -2.910930975251687647e-01
-7.122708029697284449e-01 -2.883631085490395707e-01
-7.150916763456961478e-01 -2.856350129143606087e-01
-7.179125515837400107e-01 -2.829075465886367602e-01
-7.207334268477908479e-01 -2.801794504598313917e-01
-7.235543022288714043e-01 -2.774494654159078699e-01
-7.263751753577758485e-01 -2.747163323448295058e-01
-7.291960506868431224e-01 -2.719787921345597215e-01
-7.320169258468672835e-01 -2.692355856730618280e-01
-7.348378009288714097e-01 -2.664854538482990809e-01
-7.376586760238788010e-01 -2.637271326277764727e-01
-7.404795487626835149e-01 -2.609593716220882653e-01
-7.433004235976243823e-01 -2.581809029445535364e-01
-7.461213006197248143e-01 -2.553904762057665478e-01
-7.489421755586922469e-01 -2.525868273732322367e-01
-7.517630485055503131e-01 -2.497686973349139694e-01
-7.545839214524081573e-01 -2.469348269787750572e-01
-7.574047963913757009e-01 -2.440839571927787832e-01
-7.602256714863832032e-01 -2.412148288648885974e-01
-7.630465468284538533e-01 -2.383261828830678108e-01
-7.658674200483815975e-01 -2.354167601352797068e-01
-7.686882931382762463e-01 -2.324852965890292777e-01
-7.715091680902470550e-01 -2.295305418549107301e-01
-7.743300430682245050e-01 -2.265512319004290009e-01
-7.771509181632317853e-01 -2.236652269929022274e-01
-7.799717910060632864e-01 -2.207792261476145268e-01
-7.827926660490575062e-01 -2.178932207199547333e-01
-7.856135409230082800e-01 -2.149139097252069364e-01
-7.884344157189391300e-01 -2.119591534306893010e-01
-7.912552905278735782e-01 -2.090276927243651939e-01
-7.940761629806050159e-01 -2.061182684941980092e-01
-7.968970375294728292e-01 -2.032296216281510304e-01
-7.997179142654999850e-01 -2.003604930141876794e-01
-8.025387889183942525e-01 -1.975096186198127546e-01
-8.053596615791791535e-01 -1.946757480556206288e-01
-8.081805342399640546e-01 -1.918576172891160447e-01
-8.110014088928582110e-01 -1.890539672082624800e-01
-8.138222837017924371e-01 -1.862635387010232457e-01
-8.166431587577899220e-01 -1.834850726553616806e-01
-8.194640316916445011e-01 -1.807173099592410681e-01
-8.222849069556951163e-01 -1.779589915006248857e-01
-8.251057821807358250e-01 -1.752088581674763612e-01
-8.279266574577898163e-01 -1.724656508477589445e-01
-8.307475328778803902e-01 -1.697281104294358911e-01
-8.335684060718017152e-01 -1.669949728800121380e-01
-8.363892814918921781e-01 -1.642649878100820027e-01
-8.392101567689461694e-01 -1.615368911871502000e-01
-8.420310319939867671e-01 -1.588094238991802631e-01
-8.448519072580374933e-01 -1.560813268341354754e-01
-8.476727801918920724e-01 -1.533513408799791478e-01
-8.504936552478896683e-01 -1.506182069246746191e-01
-8.533145300568236724e-01 -1.478806658561853116e-01
-8.561354047097182729e-01 -1.451374585624745084e-01
-8.589562792975957706e-01 -1.423873259315056039e-01
-8.617771514512511111e-01 -1.396290088512419647e-01
-8.645980256230223482e-01 -1.368612432891883612e-01
-8.674188999768400743e-01 -1.340827788559391665e-01
-8.702397746037279225e-01 -1.312923515189992618e-01
-8.730606471344795061e-01 -1.284887021663319029e-01
-8.758815220214336561e-01 -1.256705716859005395e-01
-8.787023968953845410e-01 -1.228367009656684827e-01
-8.815232718473553497e-01 -1.199858308935990575e-01
-8.843441469683693823e-01 -1.171167023576556443e-01
-8.871650198892206962e-01 -1.142280562458015958e-01
-8.899858950622480114e-01 -1.113186285255417518e-01
-8.928067701182454963e-01 -1.083871688074704298e-01
-8.956276451482362289e-01 -1.054324092049066935e-01
-8.984485202432437312e-01 -1.024530993284449021e-01
-9.012693930340618387e-01 -9.956709944540326207e-02
-9.040902679730292713e-01 -9.668109492797631599e-02
-9.069111407638473787e-01 -9.379509462882823501e-02
-9.097320158588548811e-01 -9.090908990334806150e-02
-9.125528908888456137e-01 -8.792977976681974617e-02
-9.153737634846137450e-01 -8.497502448656152341e-02
-9.181946380984981060e-01 -8.204356495053674592e-02
-9.210155128944290670e-01 -7.913414204670878027e-02
-9.238363879634299280e-01 -7.624549174258249407e-02
-9.266572628633873432e-01 -7.337636364875214923e-02
-9.294781376853249455e-01 -7.052548987853687890e-02
-9.322990125202659240e-01 -6.769162004253097276e-02
-9.351198874592333565e-01 -6.487349010823928452e-02
-9.379407625932506543e-01 -6.206984096362517384e-02
-9.407616355531120966e-01 -5.927941349665199339e-02
-9.435825107911559595e-01 -5.650094859528306812e-02
-9.464945875359433991e-01 -5.373318714748177155e-02
-9.493348912051705613e-01 -5.096914042960352942e-02
-9.521721818029055262e-01 -4.821264806411985904e-02
-9.550057320365811231e-01 -4.546307951795557079e-02
-9.578348146136856922e-01 -4.271980425803860448e-02
-9.606587022417075739e-01 -3.998219175129692771e-02
-9.634766676281352193e-01 -3.724961146465845252e-02
-9.662879834804570800e-01 -3.452143286505116038e-02
-9.690919225061616071e-01 -3.179702541940299110e-02
-9.718877574127371410e-01 -2.907575859464189838e-02
-9.746747609076722441e-01 -2.635700185769583592e-02
-9.774522056984551455e-01 -2.364012467549274354e-02
-9.802193644925742966e-01 -2.092449651496058882e-02
-9.829755099975182597e-01 -1.820948684302729770e-02
-9.857199149207752642e-01 -1.549446512662085162e-02
-9.884518519698339833e-01 -1.277880083266917655e-02
-9.911705938521825354e-01 -1.006186342810024004e-02
-9.938754132753094828e-01 -7.343022379841981917e-03
-9.965655829467032767e-01 -4.621647154822355885e-03
-9.992403755738523685e-01 -1.897107219969315639e-03
-1.001899063864245099e+00 8.312279577891851234e-04
-9.996120221150233132e-01 2.888092300883788894e-03
