-9.999999999999995559e-01 4.310355041234486401e-03
-9.999999999999996669e-01 8.620697873595744437e-03
-9.999999999999996669e-01 1.293104092294366722e-02
-9.999999999999997780e-01 1.724138417862050576e-02
-9.999999999999997780e-01 2.155172762996851454e-02
-9.999999999999997780e-01 2.586207126632993764e-02
-9.999999999999998890e-01 3.017241507704702605e-02
-9.999999999999998890e-01 3.448275905146203774e-02
-9.999999999999998890e-01 3.879310317891720983e-02
-9.999999999999998890e-01 4.310344744875480028e-02
-9.999999999999998890e-01 4.741379185031706356e-02
-9.999999999999998890e-01 5.172413637294624722e-02
-9.999999999999998890e-01 5.603448100598458492e-02
-9.999999999999998890e-01 6.034482573877435196e-02
-9.999999999999998890e-01 6.465517056065779589e-02
-9.999999999999997780e-01 6.896551546097715035e-02
-9.999999999999997780e-01 7.327586042907467678e-02
-9.999999999999997780e-01 7.758620545429260884e-02
-9.999999999999997780e-01 8.189655052597323570e-02
-9.999999999999997780e-01 8.620689563345876327e-02
-1.000000000000058398e+00 9.051724076609671266e-02
-1.000000000000058398e+00 9.482758554355311120e-02
-1.000000000000058398e+00 9.913793042503613040e-02
-1.000000000000058398e+00 1.034482753195224425e-01
-1.000000000000058398e+00 1.077586201359888168e-01
-1.000000000000058398e+00 1.120689647834119673e-01
-1.000000000000058398e+00 1.163793097039049346e-01
-1.000000000000058398e+00 1.206896548064444880e-01
-1.000000000000058398e+00 1.250000000000072997e-01
-1.000000000000058398e+00 1.293103451935700976e-01
-1.000000000000058398e+00 1.336206902961096787e-01
-1.000000000000058398e+00 1.379310352166026599e-01
-1.000000000000058398e+00 1.422413798640257965e-01
-1.000000000000058398e+00 1.465517246804921569e-01
-1.000000000000058398e+00 1.508620695749784690e-01
-1.000000000000058398e+00 1.551724144564614882e-01
-1.000000000000058398e+00 1.594827592339178590e-01
-1.000000000000058398e+00 1.637931038163243924e-01
-1.000000000000058398e+00 1.681034486457941013e-01
-1.000000000000058398e+00 1.724137936313036579e-01
-1.000000000000058398e+00 1.767241386818299009e-01
-1.000000000000058398e+00 1.810344837063495027e-01
-1.000000000000058398e+00 1.853448286138391909e-01
-1.000000000000058398e+00 1.896551713861827082e-01
-1.000000000000058398e+00 1.939655162936723687e-01
-1.000000000000058398e+00 1.982758613181919705e-01
-1.000000000000058398e+00 2.025862063687182135e-01
-1.000000000000058398e+00 2.068965513542277701e-01
-1.000000000000058398e+00 2.112068961836975345e-01
-1.000000000000058398e+00 2.155172407661040401e-01
-1.000000000000058398e+00 2.198275855435604109e-01
-1.000000000000058398e+00 2.241379304250434024e-01
-1.000000000000058398e+00 2.284482753195296867e-01
-1.000000000000058398e+00 2.327586201359961304e-01
-1.000000000000058398e+00 2.370689647834192670e-01
-1.000000000000058398e+00 2.413793097039122482e-01
-1.000000000000058398e+00 2.456896548064517738e-01
-1.000000000000058398e+00 2.500000000000145994e-01
-1.000000000000058398e+00 2.543103451935774251e-01
-1.000000000000058398e+00 2.586206902961169507e-01
-1.000000000000058398e+00 2.629310352166099318e-01
-1.000000000000058398e+00 2.672413798640331239e-01
-1.000000000000058398e+00 2.715517246804994289e-01
-1.000000000000058398e+00 2.758620695749857687e-01
-1.000000000000058398e+00 2.801724144564687879e-01
-1.000000000000058398e+00 2.844827592339251865e-01
-1.000000000000058398e+00 2.887931038163316089e-01
-1.000000000000058398e+00 2.931034486458014010e-01
-1.000000000000058398e+00 2.974137936313109298e-01
-1.000000000000058398e+00 3.017241386818371729e-01
-1.000000000000058398e+00 3.060344837063567747e-01
-1.000000000000058398e+00 3.103448286138464907e-01
-1.000000000000058398e+00 3.146551713861900357e-01
-1.000000000000058398e+00 3.189655162936796406e-01
-1.000000000000058398e+00 3.232758613181991869e-01
-1.000000000000058398e+00 3.275862063687254855e-01
-1.000000000000058398e+00 3.318965513542351253e-01
-1.000000000000058398e+00 3.362068961837048064e-01
-1.000000000000058398e+00 3.405172407661113398e-01
-1.000000000000058398e+00 3.448275855435676829e-01
-1.000000000000058398e+00 3.491379304250507021e-01
-1.000000000000058398e+00 3.534482753195370419e-01
-1.000000000000058398e+00 3.577586201360034024e-01
-1.000000000000058398e+00 3.620689647834265945e-01
-1.000000000000058398e+00 3.663793097039195201e-01
-1.000000000000058398e+00 3.706896548064590458e-01
-1.000000000000058398e+00 3.750000000000219269e-01
-1.000000000000058398e+00 3.793103451935846415e-01
-1.000000000000058398e+00 3.836206902961242782e-01
-1.000000000000058398e+00 3.879310352166172038e-01
-1.000000000000058398e+00 3.922413798640403959e-01
-1.000000000000058398e+00 3.965517246805067009e-01
-1.000000000000058398e+00 4.008620695749930407e-01
-1.000000000000058398e+00 4.051724144564760599e-01
-1.000000000000058398e+00 4.094827592339324029e-01
-1.000000000000058398e+00 4.137931038163389363e-01
-1.000000000000058398e+00 4.181034486458086730e-01
-1.000000000000058398e+00 4.224137936313183128e-01
-1.000000000000058398e+00 4.267241386818445004e-01
-1.000000000000058398e+00 4.310344837063641021e-01
-1.000000000000058398e+00 4.353448286138537071e-01
-1.000000000000058398e+00 4.396551713861973631e-01
-1.000000000000058398e+00 4.439655162936869126e-01
-1.000000000000058398e+00 4.482758632452994441e-01
-1.000000000000058398e+00 4.525862077886959600e-01
-1.000000000000058398e+00 4.568965522930824585e-01
-1.000000000000058398e+00 4.612068947403430430e-01
-1.000000000000058398e+00 4.655172394007693337e-01
-1.000000000000058398e+00 4.698275861833386413e-01
-1.000000000000058398e+00 4.741379306357118573e-01
-1.000000000000058398e+00 4.784482751270950907e-01
-1.000000000000058398e+00 4.827586176393721673e-01
-1.000000000000058398e+00 4.870689624428351516e-01
-1.000000000000058398e+00 4.913793094464609656e-01
-1.000000000000058398e+00 4.956896541979106674e-01
-1.000000000000058398e+00 4.999999990663903660e-01
-1.000000000000058398e+00 5.043103420337838871e-01
-1.000000000000058398e+00 5.086206873703832398e-01
-1.000000000000058398e+00 5.129310325249361036e-01
-1.000000000000058398e+00 5.172413774064190672e-01
-1.000000000000058398e+00 5.215517224569453658e-01
-1.000000000000058398e+00 5.258620675854914772e-01
-1.000000000000058398e+00 5.301724127010343235e-01
-1.000000000000058398e+00 5.344827577125506046e-01
-1.000000000000058398e+00 5.387931025290170206e-01
-1.000000000000058398e+00 5.431034475925465843e-01
-1.000000000000058398e+00 5.474137928121159957e-01
-1.000000000000058398e+00 5.517241380967021769e-01
-1.000000000000058398e+00 5.560344833552816057e-01
-1.000000000000058398e+00 5.603448284968312043e-01
-1.000000000000058398e+00 5.646551715032346319e-01
-1.000000000000058398e+00 5.689655166447840084e-01
-1.000000000000058398e+00 5.732758638304563670e-01
-1.000000000000058398e+00 5.775862086079127655e-01
-1.000000000000058398e+00 5.818965533463592577e-01
-1.000000000000058398e+00 5.862068960276796137e-01
-1.000000000000058398e+00 5.905172409221658425e-01
-1.000000000000058398e+00 5.948275879387948661e-01
-1.000000000000058398e+00 5.991379326252279647e-01
-1.000000000000058398e+00 6.034482773506710807e-01
-1.000000000000058398e+00 6.077586200970080954e-01
-1.000000000000058398e+00 6.120689651345310178e-01
-1.000000000000058398e+00 6.163793123722165479e-01
-1.000000000000058398e+00 6.206896573577260767e-01
-1.000000000000058398e+00 6.250000000000364153e-01
-1.000000000000058398e+00 6.293103426423467539e-01
-1.000000000000058398e+00 6.336206876278563938e-01
-1.000000000000058398e+00 6.379310348655420349e-01
-1.000000000000058398e+00 6.422413799030650683e-01
-1.000000000000058398e+00 6.465517226494017500e-01
-1.000000000000058398e+00 6.508620673748448660e-01
-1.000000000000058398e+00 6.551724120612780755e-01
-1.000000000000058398e+00 6.594827590779072102e-01
-1.000000000000058398e+00 6.637931039723935500e-01
-1.000000000000058398e+00 6.681034466537137950e-01
-1.000000000000058398e+00 6.724137913921601761e-01
-1.000000000000058398e+00 6.767241361696165747e-01
-1.000000000000058398e+00 6.810344833552889332e-01
-1.000000000000058398e+00 6.853448284968385318e-01
-1.000000000000058398e+00 6.896551715032417373e-01
-1.000000000000058398e+00 6.939655166447913359e-01
-1.000000000000058398e+00 6.982758619033707648e-01
-1.000000000000058398e+00 7.025862071879569459e-01
-1.000000000000058398e+00 7.068965524075263573e-01
-1.000000000000058398e+00 7.112068955439629914e-01
-1.000000000000058398e+00 7.155172408675590789e-01
-1.000000000000058398e+00 7.198275882872913201e-01
-1.000000000000058398e+00 7.241379333508208838e-01
-1.000000000000058398e+00 7.284482784273538236e-01
-1.000000000000058398e+00 7.327586214987737989e-01
-1.000000000000058398e+00 7.370689668353731516e-01
-1.000000000000058398e+00 7.413793143461286927e-01
-1.000000000000058398e+00 7.456896595787015913e-01
-1.000000000000058398e+00 7.500000024420684364e-01
-1.000000000000058398e+00 7.543103472065214588e-01
-1.000000000000058398e+00 7.586206918539445399e-01
-1.000000000000058398e+00 7.629310387535436222e-01
-1.000000000000058398e+00 7.672413834529800969e-01
-1.000000000000058398e+00 7.715517258612306639e-01
-1.000000000000058398e+00 7.758620702485871101e-01
-1.000000000000058398e+00 7.801724145969338720e-01
-1.000000000000058398e+00 7.844827612754765589e-01
-1.000000000000058398e+00 7.887931058318764510e-01
-1.000000000000058398e+00 7.931034481751102483e-01
-1.000000000000058398e+00 7.974137925754701817e-01
-1.000000000000058398e+00 8.017241370148400215e-01
-1.000000000000058398e+00 8.060344838624259323e-01
-1.000000000000058398e+00 8.103448286658889721e-01
-1.000000000000058398e+00 8.146551713342059520e-01
-1.000000000000058398e+00 8.189655161376687698e-01
-1.000000000000058398e+00 8.232758610581618619e-01
-1.000000000000058398e+00 8.275862060046614843e-01
-1.000000000000058398e+00 8.318965508861445590e-01
-1.000000000000058398e+00 8.362068936844948563e-01
-1.000000000000058398e+00 8.405172386700043852e-01
-1.000000000000058398e+00 8.448275838245571379e-01
-1.000000000000058398e+00 8.491379290571299254e-01
-1.000000000000058398e+00 8.534482742766994479e-01
-1.000000000000058398e+00 8.577586193922424052e-01
-1.000000000000058398e+00 8.620689643127352753e-01
-1.000000000000058398e+00 8.663793094802916261e-01
-1.000000000000058398e+00 8.706896548038876027e-01
-1.000000000000058398e+00 8.750000001925002380e-01
-1.000000000000058398e+00 8.793103455551063430e-01
-1.000000000000058398e+00 8.836206908006825067e-01
-1.000000000000058398e+00 8.879310382984346717e-01
-1.000000000000058398e+00 8.922413835960241180e-01
-1.000000000000058398e+00 8.965517266024274345e-01
-1.000000000000058398e+00 9.008620715879371854e-01
-1.000000000000058398e+00 9.051724165344365858e-01
-1.000000000000058398e+00 9.094827638111323553e-01
-1.000000000000058398e+00 9.137931089656851080e-01
-1.000134433999555261e+00 9.182428115559770898e-01
-1.000367922703167878e+00 9.227952003333905751e-01
-1.000666905400844575e+00 9.274154828192306965e-01
-1.000999633146319567e+00 9.320707447715901317e-01
-1.001336171217342308e+00 9.367299570068935433e-01
-1.001648397188583450e+00 9.413639666512588766e-01
-1.001910007220044196e+00 9.459455058891366175e-01
-1.002096509235511634e+00 9.504491856748999989e-01
-1.002185225382787204e+00 9.548514951997099098e-01
-1.002155290106594654e+00 9.591308087130583360e-01
-1.001987656436987617e+00 9.632673767741321003e-01
-1.001665089167805611e+00 9.672433350004492336e-01
-1.001172167316902728e+00 9.710426977794511805e-01
-1.000495282199055369e+00 9.746513577353664859e-01
-9.996226437143695964e-01 9.780570925507559021e-01
-9.985442735267375802e-01 9.812495562178733532e-01
-9.972520075240659532e-01 9.842202877873055256e-01
-9.957394938911835469e-01 9.869627050795616308e-01
-9.940021993982491866e-01 9.894721041519384253e-01
-9.920374025792076944e-01 9.917456661200643175e-01
-9.898441942649250924e-01 9.937824484092617761e-01
-9.874234838715985063e-01 9.955833935031850324e-01
-9.847779925792099487e-01 9.971513226554115095e-01
-9.819122557917567828e-01 9.984909353563060641e-01
-9.788326212101576829e-01 9.996088161545650941e-01
-9.755472551206624265e-01 1.000513425908579057e+00
-9.720661355733055675e-01 1.001215110535070174e+00
-9.684010529150438584e-01 1.001726092260454726e+00
-9.645656160781644894e-01 1.002060478369481089e+00
-9.605752457587399817e-01 1.002234254916820611e+00
-9.564471768768580962e-01 1.002265286193931626e+00
-9.522004585766205009e-01 1.002173321550604790e+00
-9.478559522990518404e-01 1.001979986646324372e+00
-9.434363380705064195e-01 1.001708792198906517e+00
-9.389661076811239848e-01 1.001385125235861429e+00
-9.344715652179667043e-01 1.001036257843031185e+00
-9.299808333534271831e-01 1.000691340876181279e+00
-9.255238465236822476e-01 1.000381403427863969e+00
-9.211323533889252957e-01 1.000139359648963611e+00
-9.168399149062703701e-01 1.000000000000058398e+00
-9.126819106181623953e-01 1.000000000000058398e+00
-9.085239062390312315e-01 1.000000000000058398e+00
-9.043659020159400264e-01 1.000000000000058398e+00
-9.002078981959515946e-01 1.000000000000058398e+00
-8.960498944929933263e-01 1.000000000000058398e+00
-8.918918906209919450e-01 1.000000000000058398e+00
-8.877338887541030843e-01 1.000000000000058398e+00
-8.835758847780750269e-01 1.000000000000058398e+00
-8.794178808670635172e-01 1.000000000000058398e+00
-8.752598767349955011e-01 1.000000000000058398e+00
-8.711018726289340153e-01 1.000000000000058398e+00
-8.669438687959427625e-01 1.000000000000058398e+00
-8.627858649499476895e-01 1.000000000000058398e+00
-8.586278608048762973e-01 1.000000000000058398e+00
-8.544698566077916224e-01 1.000000000000058398e+00
-8.503118526057569238e-01 1.000000000000058398e+00
-8.461538485126987030e-01 1.000000000000058398e+00
-8.419958421154514205e-01 1.000000000000058398e+00
-8.378378380223934219e-01 1.000000000000058398e+00
-8.336798340203587232e-01 1.000000000000058398e+00
-8.295218298232739373e-01 1.000000000000058398e+00
-8.253638276052953637e-01 1.000000000000058398e+00
-8.212058232521709522e-01 1.000000000000058398e+00
-8.170478189380563361e-01 1.000000000000058398e+00
-8.128898124497855315e-01 1.000000000000058398e+00
-8.087318083957374393e-01 1.000000000000058398e+00
-8.045738045627458535e-01 1.000000000000058398e+00
-8.004158006647378309e-01 1.000000000000058398e+00
-7.962577988758691161e-01 1.000000000000058398e+00
-7.920997970089804774e-01 1.000000000000058398e+00
-7.879417928769123503e-01 1.000000000000058398e+00
-7.837837886538210341e-01 1.000000000000058398e+00
-7.796257821265403232e-01 1.000000000000058398e+00
-7.754677779034488960e-01 1.000000000000058398e+00
-7.713097737713811020e-01 1.000000000000058398e+00
-7.671517694442631097e-01 1.000000000000058398e+00
-7.629937670962514407e-01 1.000000000000058398e+00
-7.588357626130934896e-01 1.000000000000058398e+00
-7.546777581689456671e-01 1.000000000000058398e+00
-7.505197515506417671e-01 1.000000000000058398e+00
-7.463617473665603574e-01 1.000000000000058398e+00
-7.422037434035356762e-01 1.000000000000058398e+00
-7.380457393754942252e-01 1.000000000000058398e+00
-7.338877374565921929e-01 1.000000000000058398e+00
-7.297297354596703478e-01 1.000000000000058398e+00
-7.255717311975690142e-01 1.000000000000058398e+00
-7.214137268444442697e-01 1.000000000000058398e+00
-7.172557201871303523e-01 1.000000000000058398e+00
-7.130977158340059407e-01 1.000000000000058398e+00
-7.089397115719046072e-01 1.000000000000058398e+00
-7.047817071147532975e-01 1.000000000000058398e+00
-7.006237046367083110e-01 1.000000000000058398e+00
-6.964657019506101943e-01 1.000000000000058398e+00
-6.923076968692994937e-01 1.000000000000058398e+00
-6.881496896398391350e-01 1.000000000000058398e+00
-6.839916848706081298e-01 1.000000000000058398e+00
-6.798336803484403834e-01 1.000000000000058398e+00
-6.756756757872626196e-01 1.000000000000058398e+00
-6.715176733612308047e-01 1.000000000000058398e+00
-6.673596708831859292e-01 1.000000000000058398e+00
-6.632016661659682066e-01 1.000000000000058398e+00
-6.590436613837338253e-01 1.000000000000058398e+00
-6.548856543233169125e-01 1.000000000000058398e+00
-6.507276495930958138e-01 1.000000000000058398e+00
-6.465696449799046563e-01 1.000000000000058398e+00
-6.424116426578996286e-01 1.000000000000058398e+00
-6.382536404399211660e-01 1.000000000000058398e+00
-6.340956380659027447e-01 1.000000000000058398e+00
-6.299376333486849111e-01 1.000000000000058398e+00
-6.257796265353312570e-01 1.000000000000058398e+00
-6.216216197739907745e-01 1.000000000000058398e+00
-6.174636152128130107e-01 1.000000000000058398e+00
-6.133056106386317596e-01 1.000000000000058398e+00
-6.091476082256035429e-01 1.000000000000058398e+00
-6.049896057865684629e-01 1.000000000000058398e+00
-6.008316011343672880e-01 1.000000000000058398e+00
-5.966735964431562067e-01 1.000000000000058398e+00
-5.925155894997692352e-01 1.000000000000058398e+00
-5.883575849125847190e-01 1.000000000000058398e+00
-5.841995804684368965e-01 1.000000000000058398e+00
-5.800415783414817339e-01 1.000000000000058398e+00
-5.758835763445597777e-01 1.000000000000058398e+00
-5.717255722905117965e-01 1.000000000000058398e+00
-5.675675683534936455e-01 1.000000000000058398e+00
-5.634095642474321597e-01 1.000000000000058398e+00
-5.592515577591615772e-01 1.000000000000058398e+00
-5.550935534970602436e-01 1.000000000000058398e+00
-5.509355492479622862e-01 1.000000000000058398e+00
-5.467775471860236713e-01 1.000000000000058398e+00
-5.426195431969922378e-01 1.000000000000058398e+00
-5.384615394550239520e-01 1.000000000000058398e+00
-5.343035356740457598e-01 1.000000000000058398e+00
-5.301455315679843849e-01 1.000000000000058398e+00
-5.259875249236737327e-01 1.000000000000058398e+00
-5.218295203494925927e-01 1.000000000000058398e+00
-5.176715180925042237e-01 1.000000000000058398e+00
-5.135135159655490611e-01 1.000000000000058398e+00
-5.093555117814676514e-01 1.000000000000058398e+00
-5.051975077144162940e-01 1.000000000000058398e+00
-5.010395034783216017e-01 1.000000000000058398e+00
-4.968814968600177018e-01 1.000000000000058398e+00
-4.927234924678831618e-01 1.000000000000058398e+00
-4.885654880887518869e-01 1.000000000000058398e+00
-4.844074858967800656e-01 1.000000000000058398e+00
-4.802494817777153702e-01 1.000000000000058398e+00
-4.760914779057137669e-01 1.000000000000058398e+00
-4.719334739947023127e-01 1.000000000000058398e+00
-4.677754697586076760e-01 1.000000000000058398e+00
-4.636174629842638728e-01 1.000000000000058398e+00
-4.594594582800495264e-01 1.000000000000058398e+00
-4.553014558930277289e-01 1.000000000000058398e+00
-4.511434536360392489e-01 1.000000000000058398e+00
-4.469854493219247438e-01 1.000000000000058398e+00
-4.428274451248400689e-01 1.000000000000058398e+00
-4.386694407587121147e-01 1.000000000000058398e+00
-4.345114340103749528e-01 1.000000000000058398e+00
-4.303534294882071509e-01 1.000000000000058398e+00
-4.261954249790426141e-01 1.000000000000058398e+00
-4.220374226570375864e-01 1.000000000000058398e+00
-4.178794184079396290e-01 1.000000000000058398e+00
-4.137214144059048193e-01 1.000000000000058398e+00
-4.095634103648601032e-01 1.000000000000058398e+00
-4.054054059987321490e-01 1.000000000000058398e+00
-4.012474015545843820e-01 1.000000000000058398e+00
-3.970893972794796722e-01 1.000000000000058398e+00
-3.929313928873450767e-01 1.000000000000058398e+00
-3.887733905523367284e-01 1.000000000000058398e+00
-3.846153861602021329e-01 1.000000000000058398e+00
-3.804573818850975897e-01 1.000000000000058398e+00
-3.762993774409497116e-01 1.000000000000058398e+00
-3.721413730748218129e-01 1.000000000000058398e+00
-3.679833690337770413e-01 1.000000000000058398e+00
-3.638253650317422316e-01 1.000000000000058398e+00
-3.596673607826442187e-01 1.000000000000058398e+00
-3.555093565335463168e-01 1.000000000000058398e+00
-3.513513525315115071e-01 1.000000000000058398e+00
-3.471933484904667910e-01 1.000000000000058398e+00
-3.430353441243388923e-01 1.000000000000058398e+00
-3.388773396801910143e-01 1.000000000000058398e+00
-3.347193354050864156e-01 1.000000000000058398e+00
-3.305613310129518201e-01 1.000000000000058398e+00
-3.264033286779434162e-01 1.000000000000058398e+00
-3.222453242858088762e-01 1.000000000000058398e+00
-3.180873200107042775e-01 1.000000000000058398e+00
-3.139293155665563995e-01 1.000000000000058398e+00
-3.097713131275213749e-01 1.000000000000058398e+00
-3.056133085793469317e-01 1.000000000000058398e+00
-3.014553040961890917e-01 1.000000000000058398e+00
-2.972972993919746898e-01 1.000000000000058398e+00
-2.931392947137669847e-01 1.000000000000058398e+00
-2.889812903086290685e-01 1.000000000000058398e+00
-2.848232858904878873e-01 1.000000000000058398e+00
-2.806652811732701647e-01 1.000000000000058398e+00
-2.765072764040392150e-01 1.000000000000058398e+00
-2.723492718298580750e-01 1.000000000000058398e+00
-2.681912671646536905e-01 1.000000000000058398e+00
-2.640332645825820834e-01 1.000000000000058398e+00
-2.598752599693909815e-01 1.000000000000058398e+00
-2.557172554992365177e-01 1.000000000000058398e+00
-2.515592508860454157e-01 1.000000000000058398e+00
-2.474012483039738086e-01 1.000000000000058398e+00
-2.432432436387693686e-01 1.000000000000058398e+00
-2.390852390645883119e-01 1.000000000000058398e+00
-2.349272342953572512e-01 1.000000000000058398e+00
-2.307692295781395841e-01 1.000000000000058398e+00
-2.266112251599984029e-01 1.000000000000058398e+00
-2.224532207548604867e-01 1.000000000000058398e+00
-2.182952160766528094e-01 1.000000000000058398e+00
-2.141372113724384074e-01 1.000000000000058398e+00
-2.099792068892805397e-01 1.000000000000058398e+00
-2.058212023411061242e-01 1.000000000000058398e+00
-2.016631999020710997e-01 1.000000000000058398e+00
-1.975051954579232494e-01 1.000000000000058398e+00
-1.933471911828186507e-01 1.000000000000058398e+00
-1.891891867906840830e-01 1.000000000000058398e+00
-1.850311844556756791e-01 1.000000000000058398e+00
-1.808731800635410836e-01 1.000000000000058398e+00
-1.767151757884364849e-01 1.000000000000058398e+00
-1.725571713442886068e-01 1.000000000000058398e+00
-1.683991669781607359e-01 1.000000000000058398e+00
-1.642411629371159920e-01 1.000000000000058398e+00
-1.600831589350811823e-01 1.000000000000058398e+00
-1.559251546859832249e-01 1.000000000000058398e+00
-1.517671504368852398e-01 1.000000000000058398e+00
-1.476091464348504578e-01 1.000000000000058398e+00
-1.434511423938057140e-01 1.000000000000058398e+00
-1.392931380276778153e-01 1.000000000000058398e+00
-1.351351335835299650e-01 1.000000000000058398e+00
-1.309771293084253108e-01 1.000000000000058398e+00
-1.268191249162907708e-01 1.000000000000058398e+00
-1.226611225812823808e-01 1.000000000000058398e+00
-1.185031181891478269e-01 1.000000000000058398e+00
-1.143451139140432005e-01 1.000000000000058398e+00
-1.101871094698953363e-01 1.000000000000058398e+00
-1.060291051037674376e-01 1.000000000000058398e+00
-1.018711010627226937e-01 1.000000000000058398e+00
-9.771309706068791179e-02 1.000000000000058398e+00
-9.355509281158992663e-02 1.000000000000058398e+00
-8.939708856249196922e-02 1.000000000000058398e+00
-8.523908456045717341e-02 1.000000000000058398e+00
-8.108108051941241567e-02 1.000000000000058398e+00
-7.692307615328453085e-02 1.000000000000058398e+00
-7.276507363622955471e-02 1.000000000000058398e+00
-6.860707078108810308e-02 1.000000000000058398e+00
-6.444906347360791765e-02 1.000000000000058398e+00
-6.029105878239686411e-02 1.000000000000058398e+00
-5.613305449428892396e-02 1.000000000000058398e+00
-5.197505032321090429e-02 1.000000000000058398e+00
-4.781704598308965382e-02 1.000000000000058398e+00
-4.365904364808123606e-02 1.000000000000058398e+00
-3.950104113102627379e-02 1.000000000000058398e+00
-3.534303431767245318e-02 1.000000000000058398e+00
-3.118502781639845636e-02 1.000000000000058398e+00
-2.702702377535369863e-02 1.000000000000058398e+00
-2.286901998137213024e-02 1.000000000000058398e+00
-1.871101614838058605e-02 1.000000000000058398e+00
-1.455301199030589569e-02 1.000000000000058398e+00
-1.039500968130413656e-02 1.000000000000058398e+00
-6.237007034215904556e-03 1.000000000000058398e+00
-2.078999934788920961e-03 1.000000000000058398e+00
2.079004548368912526e-03 1.000000000000058398e+00
6.237008628423646936e-03 1.000000000000058398e+00
1.039501259144844959e-02 1.000000000000058398e+00
1.455301672351648652e-02 1.000000000000058398e+00
1.871101885047168553e-02 1.000000000000058398e+00
2.286902115947344466e-02 1.000000000000058398e+00
2.702702776477405172e-02 1.000000000000058398e+00
3.118503405799483499e-02 1.000000000000058398e+00
3.534303789098638265e-02 1.000000000000058398e+00
3.950104147691473749e-02 1.000000000000058398e+00
4.365904510185306120e-02 1.000000000000058398e+00
4.781704905187454668e-02 1.000000000000058398e+00
5.197505115282308186e-02 1.000000000000058398e+00
5.613305359185811333e-02 1.000000000000058398e+00
6.029106048323187861e-02 1.000000000000058398e+00
6.444906475833650505e-02 1.000000000000058398e+00
6.860706863033802505e-02 1.000000000000058398e+00
7.276507238530961763e-02 1.000000000000058398e+00
7.692307630932444795e-02 1.000000000000058398e+00
8.108107822822642474e-02 1.000000000000058398e+00
8.523908032917497379e-02 1.000000000000058398e+00
8.939708672642235343e-02 1.000000000000058398e+00
9.355509281158992663e-02 1.000000000000058398e+00
9.771309889675749982e-02 1.000000000000058398e+00
1.018711052940048933e-01 1.000000000000058398e+00
1.060291073949534285e-01 1.000000000000058398e+00
1.101871093138554192e-01 1.000000000000058398e+00
1.143451113107773615e-01 1.000000000000058398e+00
1.185031136457857653e-01 1.000000000000058398e+00
1.226611204331329308e-01 1.000000000000058398e+00
1.268191270644402069e-01 1.000000000000058398e+00
1.309771338517873862e-01 1.000000000000058398e+00
1.351351361867957901e-01 1.000000000000058398e+00
1.392931381837177185e-01 1.000000000000058398e+00
1.434511401026197230e-01 1.000000000000058398e+00
1.476091422035682443e-01 1.000000000000058398e+00
1.517671486008156378e-01 1.000000000000058398e+00
1.559251546859832249e-01 1.000000000000058398e+00
1.600831607711507842e-01 1.000000000000058398e+00
1.642411671683982055e-01 1.000000000000058398e+00
1.683991692693467268e-01 1.000000000000058398e+00
1.725571711882487036e-01 1.000000000000058398e+00
1.767151731851706598e-01 1.000000000000058398e+00
1.808731755201790359e-01 1.000000000000058398e+00
1.850311823075262430e-01 1.000000000000058398e+00
1.891891889388334913e-01 1.000000000000058398e+00
1.933471957261806984e-01 1.000000000000058398e+00
1.975051980611890745e-01 1.000000000000058398e+00
2.016632000581110307e-01 1.000000000000058398e+00
2.058212019770129797e-01 1.000000000000058398e+00
2.099792040779615010e-01 1.000000000000058398e+00
2.141372104752089223e-01 1.000000000000058398e+00
2.182952165603765371e-01 1.000000000000058398e+00
2.224532226455440687e-01 1.000000000000058398e+00
2.266112290427914622e-01 1.000000000000058398e+00
2.307692311437400390e-01 1.000000000000058398e+00
2.349272330626419880e-01 1.000000000000058398e+00
2.390852350595639442e-01 1.000000000000058398e+00
2.432432373945723758e-01 1.000000000000058398e+00
2.474012441819195274e-01 1.000000000000058398e+00
2.515592508132267757e-01 1.000000000000058398e+00
2.557172576005739550e-01 1.000000000000058398e+00
2.598752599355823589e-01 1.000000000000058398e+00
2.640332619325043151e-01 1.000000000000058398e+00
2.681912638514062919e-01 1.000000000000058398e+00
2.723492659523548132e-01 1.000000000000058398e+00
2.765072723496022067e-01 1.000000000000058398e+00
2.806652784347697938e-01 1.000000000000058398e+00
2.848232845199373808e-01 1.000000000000058398e+00
2.889812909171847188e-01 1.000000000000058398e+00
2.931392930181332401e-01 1.000000000000058398e+00
2.972972949370352724e-01 1.000000000000058398e+00
3.014552969339572286e-01 1.000000000000058398e+00
3.056132992689656325e-01 1.000000000000058398e+00
3.097713060563128673e-01 1.000000000000058398e+00
3.139293126876200879e-01 1.000000000000058398e+00
3.180873194749672672e-01 1.000000000000058398e+00
3.222453218099756156e-01 1.000000000000058398e+00
3.264033238068976273e-01 1.000000000000058398e+00
3.305613257257995485e-01 1.000000000000058398e+00
3.347193278267481809e-01 1.000000000000058398e+00
3.388773342239955189e-01 1.000000000000058398e+00
3.430353403091630504e-01 1.000000000000058398e+00
3.471933463943306930e-01 1.000000000000058398e+00
3.513513527915781420e-01 1.000000000000058398e+00
3.555093548925265523e-01 1.000000000000058398e+00
3.596673568114285291e-01 1.000000000000058398e+00
3.638253588083505408e-01 1.000000000000058398e+00
3.679833611433589446e-01 1.000000000000058398e+00
3.721413679307061795e-01 1.000000000000058398e+00
3.762993745620134001e-01 1.000000000000058398e+00
3.804573813493604684e-01 1.000000000000058398e+00
3.846153836843688167e-01 1.000000000000058398e+00
3.887733856812909394e-01 1.000000000000058398e+00
3.929313876001928607e-01 1.000000000000058398e+00
3.970893897011414375e-01 1.000000000000058398e+00
4.012473960983888310e-01 1.000000000000058398e+00
4.054054021835563626e-01 1.000000000000058398e+00
4.095634082687239497e-01 1.000000000000058398e+00
4.137214146659713432e-01 1.000000000000058398e+00
4.178794167669198645e-01 1.000000000000058398e+00
4.220374186858218968e-01 1.000000000000058398e+00
4.261954206827437974e-01 1.000000000000058398e+00
4.303534230177522568e-01 1.000000000000058398e+00
4.345114298050994361e-01 1.000000000000058398e+00
4.386694364364066567e-01 1.000000000000058398e+00
4.428274432237538361e-01 1.000000000000058398e+00
4.469854455587621844e-01 1.000000000000058398e+00
4.511434475556841406e-01 1.000000000000058398e+00
4.553014494745861729e-01 1.000000000000058398e+00
4.594594515755347497e-01 1.000000000000058398e+00
4.636174541185963394e-01 1.000000000000058398e+00
4.677754612180233251e-01 1.000000000000058398e+00
4.719334682654370283e-01 1.000000000000058398e+00
4.760914755729172554e-01 1.000000000000058398e+00
4.802494785320852166e-01 1.000000000000058398e+00
4.844074812571934063e-01 1.000000000000058398e+00
4.885654840083081818e-01 1.000000000000058398e+00
4.927234870454962889e-01 1.000000000000058398e+00
4.968814944830097780e-01 1.000000000000058398e+00
5.010395017124699146e-01 1.000000000000058398e+00
5.051975090459568385e-01 1.000000000000058398e+00
5.093555118750915378e-01 1.000000000000058398e+00
5.135135143141266179e-01 1.000000000000058398e+00
5.176715166231283805e-01 1.000000000000058398e+00
5.218295190621634605e-01 1.000000000000058398e+00
5.259875218912981598e-01 1.000000000000058398e+00
5.301455292247850837e-01 1.000000000000058398e+00
5.343035364542452204e-01 1.000000000000058398e+00
5.384615438917587094e-01 1.000000000000058398e+00
5.426195469289467610e-01 1.000000000000058398e+00
5.467775496800616475e-01 1.000000000000058398e+00
5.509355524051697817e-01 1.000000000000058398e+00
5.550935553643379095e-01 1.000000000000058398e+00
5.592515626718179700e-01 1.000000000000058398e+00
5.634095697192316177e-01 1.000000000000058398e+00
5.675675768186586589e-01 1.000000000000058398e+00
5.717255793617203041e-01 1.000000000000058398e+00
5.758835814626688254e-01 1.000000000000058398e+00
5.800415833815708577e-01 1.000000000000058398e+00
5.841995853784928139e-01 1.000000000000058398e+00
5.883575877135011067e-01 1.000000000000058398e+00
5.925155945008483416e-01 1.000000000000058398e+00
5.966736011321556177e-01 1.000000000000058398e+00
6.008316079195028525e-01 1.000000000000058398e+00
6.049896102545111454e-01 1.000000000000058398e+00
6.091476122514332125e-01 1.000000000000058398e+00
6.133056141703351338e-01 1.000000000000058398e+00
6.174636162712836551e-01 1.000000000000058398e+00
6.216216226685311597e-01 1.000000000000058398e+00
6.257796287536986357e-01 1.000000000000058398e+00
6.299376348388661118e-01 1.000000000000058398e+00
6.340956412361136163e-01 1.000000000000058398e+00
6.382536433370621376e-01 1.000000000000058398e+00
6.424116452559642809e-01 1.000000000000058398e+00
6.465696472528859040e-01 1.000000000000058398e+00
6.507276495878946410e-01 1.000000000000058398e+00
6.548856563752416537e-01 1.000000000000058398e+00
6.590436630065489299e-01 1.000000000000058398e+00
6.632016697938961647e-01 1.000000000000058398e+00
6.673596721289045686e-01 1.000000000000058398e+00
6.715176741258264137e-01 1.000000000000058398e+00
6.756756760447285570e-01 1.000000000000058398e+00
6.798336781456770783e-01 1.000000000000058398e+00
6.839916845429242498e-01 1.000000000000058398e+00
6.881496906280919479e-01 1.000000000000058398e+00
6.923076967132596460e-01 1.000000000000058398e+00
6.964657031105069285e-01 1.000000000000058398e+00
7.006237052114552277e-01 1.000000000000058398e+00
7.047817071303573710e-01 1.000000000000058398e+00
7.089397091272793272e-01 1.000000000000058398e+00
7.130977114622877311e-01 1.000000000000058398e+00
7.172557182496349659e-01 1.000000000000058398e+00
7.214137248809420200e-01 1.000000000000058398e+00
7.255717316682894769e-01 1.000000000000058398e+00
7.297297340032977697e-01 1.000000000000058398e+00
7.338877360002197259e-01 1.000000000000058398e+00
7.380457379191216472e-01 1.000000000000058398e+00
7.422037400200702795e-01 1.000000000000058398e+00
7.463617464173176730e-01 1.000000000000058398e+00
7.505197525024851490e-01 1.000000000000058398e+00
7.546777585876528471e-01 1.000000000000058398e+00
7.588357649849002406e-01 1.000000000000058398e+00
7.629937670858487619e-01 1.000000000000058398e+00
7.671517690047506832e-01 1.000000000000058398e+00
7.713097710016725284e-01 1.000000000000058398e+00
7.754677733366811543e-01 1.000000000000058398e+00
7.796257801240282781e-01 1.000000000000058398e+00
7.837837867553354432e-01 1.000000000000058398e+00
7.879417935426825670e-01 1.000000000000058398e+00
7.920997958776909709e-01 1.000000000000058398e+00
7.962577978746130380e-01 1.000000000000058398e+00
8.004157997935149593e-01 1.000000000000058398e+00
8.045738018944637027e-01 1.000000000000058398e+00
8.087318082917109852e-01 1.000000000000058398e+00
8.128898143768784612e-01 1.000000000000058398e+00
8.170478204620461593e-01 1.000000000000058398e+00
8.212058268592933308e-01 1.000000000000058398e+00
8.253638289602420741e-01 1.000000000000058398e+00
8.295218308791439954e-01 1.000000000000058398e+00
8.336798328760660626e-01 1.000000000000058398e+00
8.378378352110742444e-01 1.000000000000058398e+00
8.419958419984214792e-01 1.000000000000058398e+00
8.461538486297287553e-01 1.000000000000058398e+00
8.503118554170758792e-01 1.000000000000058398e+00
8.544698577520843941e-01 1.000000000000058398e+00
8.586278597490062392e-01 1.000000000000058398e+00
8.627858616679082715e-01 1.000000000000058398e+00
8.669438637688567928e-01 1.000000000000058398e+00
8.711018701661041863e-01 1.000000000000058398e+00
8.752598762512717734e-01 1.000000000000058398e+00
8.794178823364394715e-01 1.000000000000058398e+00
8.835758887336866430e-01 1.000000000000058398e+00
8.877338908346352753e-01 1.000000000000058398e+00
8.918918927535373076e-01 1.000000000000058398e+00
8.960498947504591527e-01 1.000000000000058398e+00
9.002078970854675566e-01 1.000000000000058398e+00
9.043659038728149024e-01 1.000000000000058398e+00
9.085239105041220675e-01 1.000000000000058398e+00
9.126819172914691913e-01 1.000000000000058398e+00
9.168399196264777062e-01 1.000000000000058398e+00
9.211323556228966369e-01 1.000139359648963611e+00
9.255238481725041044e-01 1.000381403427863969e+00
9.299808343910923591e-01 1.000691340876181279e+00
9.344715656184692243e-01 1.001036257843031185e+00
9.389661074184568745e-01 1.001385125235861429e+00
9.434363395788920581e-01 1.001708792198906517e+00
9.478559561116268739e-01 1.001979986646324372e+00
9.522004603320693983e-01 1.002173321550604790e+00
9.564471785022736761e-01 1.002265286193931626e+00
9.605752472541223552e-01 1.002234254916820611e+00
9.645656174435135455e-01 1.002060478369481089e+00
9.684010541503598191e-01 1.001726092260454726e+00
9.720661366785882107e-01 1.001215110535070174e+00
9.755472585561412169e-01 1.000513425908579057e+00
9.788326226145169784e-01 9.996088161545650941e-01
9.819122546318599376e-01 9.984909353563060641e-01
9.847779907561435842e-01 9.971513226554115095e-01
9.874234813593558702e-01 9.955833935031850324e-01
9.898441910374996544e-01 9.937824484092617761e-01
9.920373986105925912e-01 9.917456661200643175e-01
9.940021971226672415e-01 9.894721041519384253e-01
9.957394938417708508e-01 9.869627050795616308e-01
9.972520053395071971e-01 9.842202877873055256e-01
9.985442711341254718e-01 9.812495562178733532e-01
9.996226411137043577e-01 9.780570925507559021e-01
1.000495279390337000e+00 9.746513577353664859e-01
1.001172164300131229e+00 9.710426977794511805e-01
1.001665088403209891e+00 9.672433350004492336e-01
1.001987658483711074e+00 9.632673767741321003e-01
1.002155290629328288e+00 9.591308087130583360e-01
1.002185223874401343e+00 9.548514951997099098e-01
1.002096507623099209e+00 9.504491856748999989e-01
1.001910005503605205e+00 9.459455058891366175e-01
1.001648395368117672e+00 9.413639666512588766e-01
1.001336169292849965e+00 9.367299570068935433e-01
1.000999633578030013e+00 9.320707447715901317e-01
1.000666908747900541e+00 9.274154828192306965e-01
1.000367924630260807e+00 9.227952003333905751e-01
1.000134433999555261e+00 9.182428115559770898e-01
1.000000000000058398e+00 9.137931089656851080e-01
1.000000000000058398e+00 9.094827638111323553e-01
1.000000000000058398e+00 9.051724165344365858e-01
1.000000000000058398e+00 9.008620715879371854e-01
1.000000000000058398e+00 8.965517266024274345e-01
1.000000000000058398e+00 8.922413835960241180e-01
1.000000000000058398e+00 8.879310382984346717e-01
1.000000000000058398e+00 8.836206908006825067e-01
1.000000000000058398e+00 8.793103455551063430e-01
1.000000000000058398e+00 8.750000001925002380e-01
1.000000000000058398e+00 8.706896548038876027e-01
1.000000000000058398e+00 8.663793094802916261e-01
1.000000000000058398e+00 8.620689643127352753e-01
1.000000000000058398e+00 8.577586193922424052e-01
1.000000000000058398e+00 8.534482742766994479e-01
1.000000000000058398e+00 8.491379290571299254e-01
1.000000000000058398e+00 8.448275838245571379e-01
1.000000000000058398e+00 8.405172386700043852e-01
1.000000000000058398e+00 8.362068936844948563e-01
1.000000000000058398e+00 8.318965508861445590e-01
1.000000000000058398e+00 8.275862060046614843e-01
1.000000000000058398e+00 8.232758610581618619e-01
1.000000000000058398e+00 8.189655161376687698e-01
1.000000000000058398e+00 8.146551713342059520e-01
1.000000000000058398e+00 8.103448286658889721e-01
1.000000000000058398e+00 8.060344838624259323e-01
1.000000000000058398e+00 8.017241370148400215e-01
1.000000000000058398e+00 7.974137925754701817e-01
1.000000000000058398e+00 7.931034481751102483e-01
1.000000000000058398e+00 7.887931058318764510e-01
1.000000000000058398e+00 7.844827612754765589e-01
1.000000000000058398e+00 7.801724145969338720e-01
1.000000000000058398e+00 7.758620702485871101e-01
1.000000000000058398e+00 7.715517258612306639e-01
1.000000000000058398e+00 7.672413834529800969e-01
1.000000000000058398e+00 7.629310387535436222e-01
1.000000000000058398e+00 7.586206918539445399e-01
1.000000000000058398e+00 7.543103472065214588e-01
1.000000000000058398e+00 7.500000024420684364e-01
1.000000000000058398e+00 7.456896595787015913e-01
1.000000000000058398e+00 7.413793143461286927e-01
1.000000000000058398e+00 7.370689668353731516e-01
1.000000000000058398e+00 7.327586214987737989e-01
1.000000000000058398e+00 7.284482784273538236e-01
1.000000000000058398e+00 7.241379333508208838e-01
1.000000000000058398e+00 7.198275882872913201e-01
1.000000000000058398e+00 7.155172408675590789e-01
1.000000000000058398e+00 7.112068955439629914e-01
1.000000000000058398e+00 7.068965524075263573e-01
1.000000000000058398e+00 7.025862071879569459e-01
1.000000000000058398e+00 6.982758619033707648e-01
1.000000000000058398e+00 6.939655166447913359e-01
1.000000000000058398e+00 6.896551715032417373e-01
1.000000000000058398e+00 6.853448284968385318e-01
1.000000000000058398e+00 6.810344833552889332e-01
1.000000000000058398e+00 6.767241361696165747e-01
1.000000000000058398e+00 6.724137913921601761e-01
1.000000000000058398e+00 6.681034466537137950e-01
1.000000000000058398e+00 6.637931039723935500e-01
1.000000000000058398e+00 6.594827590779072102e-01
1.000000000000058398e+00 6.551724120612780755e-01
1.000000000000058398e+00 6.508620673748448660e-01
1.000000000000058398e+00 6.465517226494017500e-01
1.000000000000058398e+00 6.422413799030650683e-01
1.000000000000058398e+00 6.379310348655420349e-01
1.000000000000058398e+00 6.336206876278563938e-01
1.000000000000058398e+00 6.293103426423467539e-01
1.000000000000058398e+00 6.250000000000364153e-01
1.000000000000058398e+00 6.206896573577260767e-01
1.000000000000058398e+00 6.163793123722165479e-01
1.000000000000058398e+00 6.120689651345310178e-01
1.000000000000058398e+00 6.077586200970080954e-01
1.000000000000058398e+00 6.034482773506710807e-01
1.000000000000058398e+00 5.991379326252279647e-01
1.000000000000058398e+00 5.948275879387948661e-01
1.000000000000058398e+00 5.905172409221658425e-01
1.000000000000058398e+00 5.862068960276796137e-01
1.000000000000058398e+00 5.818965533463592577e-01
1.000000000000058398e+00 5.775862086079127655e-01
1.000000000000058398e+00 5.732758638304563670e-01
1.000000000000058398e+00 5.689655166447840084e-01
1.000000000000058398e+00 5.646551715032346319e-01
1.000000000000058398e+00 5.603448284968312043e-01
1.000000000000058398e+00 5.560344833552816057e-01
1.000000000000058398e+00 5.517241380967021769e-01
1.000000000000058398e+00 5.474137928121159957e-01
1.000000000000058398e+00 5.431034475925465843e-01
1.000000000000058398e+00 5.387931025290170206e-01
1.000000000000058398e+00 5.344827577125506046e-01
1.000000000000058398e+00 5.301724127010343235e-01
1.000000000000058398e+00 5.258620675854914772e-01
1.000000000000058398e+00 5.215517224569453658e-01
1.000000000000058398e+00 5.172413774064190672e-01
1.000000000000058398e+00 5.129310325249361036e-01
1.000000000000058398e+00 5.086206873703832398e-01
1.000000000000058398e+00 5.043103420337838871e-01
1.000000000000058398e+00 4.999999990663903660e-01
1.000000000000058398e+00 4.956896541979106674e-01
1.000000000000058398e+00 4.913793094464609656e-01
1.000000000000058398e+00 4.870689624428351516e-01
1.000000000000058398e+00 4.827586176393721673e-01
1.000000000000058398e+00 4.784482751270950907e-01
1.000000000000058398e+00 4.741379306357118573e-01
1.000000000000058398e+00 4.698275861833386413e-01
1.000000000000058398e+00 4.655172394007693337e-01
1.000000000000058398e+00 4.612068947403430430e-01
1.000000000000058398e+00 4.568965522930824585e-01
1.000000000000058398e+00 4.525862077886959600e-01
1.000000000000058398e+00 4.482758632452994441e-01
1.000000000000058398e+00 4.439655162936869126e-01
1.000000000000058398e+00 4.396551713861973631e-01
1.000000000000058398e+00 4.353448286138537071e-01
1.000000000000058398e+00 4.310344837063641021e-01
1.000000000000058398e+00 4.267241386818445004e-01
1.000000000000058398e+00 4.224137936313183128e-01
1.000000000000058398e+00 4.181034486458086730e-01
1.000000000000058398e+00 4.137931038163389363e-01
1.000000000000058398e+00 4.094827592339324029e-01
1.000000000000058398e+00 4.051724144564760599e-01
1.000000000000058398e+00 4.008620695749930407e-01
1.000000000000058398e+00 3.965517246805067009e-01
1.000000000000058398e+00 3.922413798640403959e-01
1.000000000000058398e+00 3.879310352166172038e-01
1.000000000000058398e+00 3.836206902961242782e-01
1.000000000000058398e+00 3.793103451935846415e-01
1.000000000000058398e+00 3.750000000000219269e-01
1.000000000000058398e+00 3.706896548064590458e-01
1.000000000000058398e+00 3.663793097039195201e-01
1.000000000000058398e+00 3.620689647834265945e-01
1.000000000000058398e+00 3.577586201360034024e-01
1.000000000000058398e+00 3.534482753195370419e-01
1.000000000000058398e+00 3.491379304250507021e-01
1.000000000000058398e+00 3.448275855435676829e-01
1.000000000000058398e+00 3.405172407661113398e-01
1.000000000000058398e+00 3.362068961837048064e-01
1.000000000000058398e+00 3.318965513542351253e-01
1.000000000000058398e+00 3.275862063687254855e-01
1.000000000000058398e+00 3.232758613181991869e-01
1.000000000000058398e+00 3.189655162936796406e-01
1.000000000000058398e+00 3.146551713861900357e-01
1.000000000000058398e+00 3.103448286138464907e-01
1.000000000000058398e+00 3.060344837063567747e-01
1.000000000000058398e+00 3.017241386818371729e-01
1.000000000000058398e+00 2.974137936313109298e-01
1.000000000000058398e+00 2.931034486458014010e-01
1.000000000000058398e+00 2.887931038163316089e-01
1.000000000000058398e+00 2.844827592339251865e-01
1.000000000000058398e+00 2.801724144564687879e-01
1.000000000000058398e+00 2.758620695749857687e-01
1.000000000000058398e+00 2.715517246804994289e-01
1.000000000000058398e+00 2.672413798640331239e-01
1.000000000000058398e+00 2.629310352166099318e-01
1.000000000000058398e+00 2.586206902961169507e-01
1.000000000000058398e+00 2.543103451935774251e-01
1.000000000000058398e+00 2.500000000000145994e-01
1.000000000000058398e+00 2.456896548064517738e-01
1.000000000000058398e+00 2.413793097039122482e-01
1.000000000000058398e+00 2.370689647834192670e-01
1.000000000000058398e+00 2.327586201359961304e-01
1.000000000000058398e+00 2.284482753195296867e-01
1.000000000000058398e+00 2.241379304250434024e-01
1.000000000000058398e+00 2.198275855435604109e-01
1.000000000000058398e+00 2.155172407661040401e-01
1.000000000000058398e+00 2.112068961836975345e-01
1.000000000000058398e+00 2.068965513542277701e-01
1.000000000000058398e+00 2.025862063687182135e-01
1.000000000000058398e+00 1.982758613181919705e-01
1.000000000000058398e+00 1.939655162936723687e-01
1.000000000000058398e+00 1.896551713861827082e-01
1.000000000000058398e+00 1.853448286138391909e-01
1.000000000000058398e+00 1.810344837063495027e-01
1.000000000000058398e+00 1.767241386818299009e-01
1.000000000000058398e+00 1.724137936313036579e-01
1.000000000000058398e+00 1.681034486457941013e-01
1.000000000000058398e+00 1.637931038163243924e-01
1.000000000000058398e+00 1.594827592339178590e-01
1.000000000000058398e+00 1.551724144564614882e-01
1.000000000000058398e+00 1.508620695749784690e-01
1.000000000000058398e+00 1.465517246804921569e-01
1.000000000000058398e+00 1.422413798640257965e-01
1.000000000000058398e+00 1.379310352166026599e-01
1.000000000000058398e+00 1.336206902961096787e-01
1.000000000000058398e+00 1.293103451935700976e-01
1.000000000000058398e+00 1.250000000000072997e-01
1.000000000000058398e+00 1.206896548064444880e-01
1.000000000000058398e+00 1.163793097039049346e-01
1.000000000000058398e+00 1.120689647834119673e-01
1.000000000000058398e+00 1.077586201359888168e-01
1.000000000000058398e+00 1.034482753195224425e-01
1.000000000000058398e+00 9.913793042503613040e-02
1.000000000000058398e+00 9.482758554355311120e-02
1.000000000000058398e+00 9.051724076609671266e-02
1.000000000000058398e+00 8.620689618369020701e-02
1.000000000000058398e+00 8.189655135422052590e-02
1.000000000000058398e+00 7.758620829580378797e-02
1.000000000000058398e+00 7.327586081105497140e-02
1.000000000000058398e+00 6.896551581254203867e-02
1.000000000000058398e+00 6.465517093105901947e-02
1.000000000000058398e+00 6.034482818472210880e-02
1.000000000000058398e+00 5.603448523033199846e-02
1.000000000000058398e+00 5.172413779759647834e-02
1.000000000000058398e+00 4.741379279908353866e-02
1.000000000000058398e+00 4.310344786558722996e-02
1.000000000000058398e+00 3.879310501522371946e-02
1.000000000000058398e+00 3.448276190479369896e-02
1.000000000000058398e+00 3.017241426400495835e-02
1.000000000000058398e+00 2.586206900542550868e-02
1.000000000000058398e+00 2.155172375984938313e-02
1.000000000000058398e+00 1.724138054539275239e-02
1.000000000000058398e+00 1.293103316467053045e-02
1.000000000000058398e+00 8.620686070021477132e-03
1.000000000000058398e+00 4.310341253555105383e-03
1.000000000000058398e+00 -3.653934548166522965e-09
1.000000000000058398e+00 -4.310346634331318864e-03
1.000000000000058398e+00 -8.620693885020281472e-03
1.000000000000058398e+00 -1.293103849343344054e-02
1.000000000000058398e+00 -1.724138282877675857e-02
1.000000000000058398e+00 -2.155172733316330913e-02
1.000000000000058398e+00 -2.586206998847694061e-02
1.000000000000058398e+00 -3.017241699210270606e-02
1.000000000000058398e+00 -3.448276143147263606e-02
1.000000000000058398e+00 -3.879310567579268010e-02
1.000000000000058398e+00 -4.310345016717589267e-02
1.000000000000058398e+00 -4.741379288750615512e-02
1.000000000000058398e+00 -5.172414003416851008e-02
1.000000000000058398e+00 -5.603448469459497427e-02
1.000000000000058398e+00 -6.034482923799150411e-02
1.000000000000058398e+00 -6.465517164624194624e-02
1.000000000000058398e+00 -6.896551426254560191e-02
1.000000000000058398e+00 -7.327586135719464655e-02
1.000000000000058398e+00 -7.758620601762111768e-02
1.000000000000058398e+00 -8.189655061303094397e-02
1.000000000000058398e+00 -8.620689312530797899e-02
1.000000000000058398e+00 -9.051723589765155176e-02
1.000000000000058398e+00 -9.482758320035378219e-02
1.000000000000058398e+00 -9.913793058107601974e-02
1.000000000000058398e+00 -1.034482735874794473e-01
1.000000000000058398e+00 -1.077586164898562682e-01
1.000000000000058398e+00 -1.120689635584986715e-01
1.000000000000058398e+00 -1.163793103410678959e-01
1.000000000000058398e+00 -1.206896573056836786e-01
1.000000000000058398e+00 -1.250000000000072997e-01
1.000000000000058398e+00 -1.293103426943308931e-01
1.000000000000058398e+00 -1.336206896589467175e-01
1.000000000000058398e+00 -1.379310364415159418e-01
1.000000000000058398e+00 -1.422413835101583035e-01
1.000000000000058398e+00 -1.465517264125351660e-01
1.000000000000058398e+00 -1.508620694189385658e-01
1.000000000000058398e+00 -1.551724167996607895e-01
1.000000000000058398e+00 -1.594827641023630338e-01
1.000000000000058398e+00 -1.637931068747065788e-01
1.000000000000058398e+00 -1.681034493869836555e-01
1.000000000000058398e+00 -1.724137920553006076e-01
1.000000000000058398e+00 -1.767241391499496661e-01
1.000000000000058398e+00 -1.810344862185920556e-01
1.000000000000058398e+00 -1.853448288088890561e-01
1.000000000000058398e+00 -1.896551711911328431e-01
1.000000000000058398e+00 -1.939655137814298436e-01
1.000000000000058398e+00 -1.982758608500722608e-01
1.000000000000058398e+00 -2.025862079447212638e-01
1.000000000000058398e+00 -2.068965506130382437e-01
1.000000000000058398e+00 -2.112068931253152648e-01
1.000000000000058398e+00 -2.155172358976588376e-01
1.000000000000058398e+00 -2.198275832003611097e-01
1.000000000000058398e+00 -2.241379305810833056e-01
1.000000000000058398e+00 -2.284482735874867332e-01
1.000000000000058398e+00 -2.327586164898635679e-01
1.000000000000058398e+00 -2.370689635585059296e-01
1.000000000000058398e+00 -2.413793103410752094e-01
1.000000000000058398e+00 -2.456896573056909505e-01
1.000000000000058398e+00 -2.500000000000145994e-01
1.000000000000058398e+00 -2.543103426943381651e-01
1.000000000000058398e+00 -2.586206896589539617e-01
1.000000000000058398e+00 -2.629310364415232137e-01
1.000000000000058398e+00 -2.672413835101656310e-01
1.000000000000058398e+00 -2.715517264125424379e-01
1.000000000000058398e+00 -2.758620694189459210e-01
1.000000000000058398e+00 -2.801724167996680892e-01
1.000000000000058398e+00 -2.844827641023703890e-01
1.000000000000058398e+00 -2.887931068747138230e-01
1.000000000000058398e+00 -2.931034493869909552e-01
1.000000000000058398e+00 -2.974137920553078795e-01
1.000000000000058398e+00 -3.017241391499569381e-01
1.000000000000058398e+00 -3.060344862185992998e-01
1.000000000000058398e+00 -3.103448288088963558e-01
1.000000000000058398e+00 -3.146551711911401150e-01
1.000000000000058398e+00 -3.189655137814371155e-01
1.000000000000058398e+00 -3.232758608500795328e-01
1.000000000000058398e+00 -3.275862079447285358e-01
1.000000000000058398e+00 -3.318965506130455156e-01
1.000000000000058398e+00 -3.362068931253225368e-01
1.000000000000058398e+00 -3.405172358976661928e-01
1.000000000000058398e+00 -3.448275832003683816e-01
1.000000000000058398e+00 -3.491379305810906053e-01
1.000000000000058398e+00 -3.534482735874939774e-01
1.000000000000058398e+00 -3.577586164898708954e-01
1.000000000000058398e+00 -3.620689635585132571e-01
1.000000000000058398e+00 -3.663793103410824537e-01
1.000000000000058398e+00 -3.706896573056982502e-01
1.000000000000058398e+00 -3.750000000000219269e-01
1.000000000000058398e+00 -3.793103426943454926e-01
1.000000000000058398e+00 -3.836206896589612891e-01
1.000000000000058398e+00 -3.879310364415304857e-01
1.000000000000058398e+00 -3.922413835101729029e-01
1.000000000000058398e+00 -3.965517264125497654e-01
1.000000000000058398e+00 -4.008620694189531375e-01
1.000000000000058398e+00 -4.051724167996753057e-01
1.000000000000058398e+00 -4.094827641023776055e-01
1.000000000000058398e+00 -4.137931068747212060e-01
1.000000000000058398e+00 -4.181034493869982271e-01
1.000000000000058398e+00 -4.224137920553151515e-01
1.000000000000058398e+00 -4.267241391499642100e-01
1.000000000000058398e+00 -4.310344862186067383e-01
1.000000000000058398e+00 -4.353448288089036278e-01
1.000000000000058398e+00 -4.396551711911474425e-01
1.000000000000058398e+00 -4.439655137814444430e-01
1.000000000000058398e+00 -4.482758608500868047e-01
1.000000000000058398e+00 -4.525862079447359188e-01
1.000000000000058398e+00 -4.568965506130528431e-01
1.000000000000058398e+00 -4.612068931253298643e-01
1.000000000000058398e+00 -4.655172358976734093e-01
1.000000000000058398e+00 -4.698275832003756536e-01
1.000000000000058398e+00 -4.741379305810979328e-01
1.000000000000058398e+00 -4.784482735875013049e-01
1.000000000000058398e+00 -4.827586164898781118e-01
1.000000000000058398e+00 -4.870689635585205846e-01
1.000000000000058398e+00 -4.913793103410897811e-01
1.000000000000058398e+00 -4.956896573057056332e-01
1.000000000000058398e+00 -5.000000000000291989e-01
1.000000000000058398e+00 -5.043103426943528200e-01
1.000000000000058398e+00 -5.086206896589685611e-01
1.000000000000058398e+00 -5.129310364415378132e-01
1.000000000000058398e+00 -5.172413835101803414e-01
1.000000000000058398e+00 -5.215517264125570929e-01
1.000000000000058398e+00 -5.258620694189605205e-01
1.000000000000058398e+00 -5.301724167996826331e-01
1.000000000000058398e+00 -5.344827641023850440e-01
1.000000000000058398e+00 -5.387931068747284780e-01
1.000000000000058398e+00 -5.431034493870054991e-01
1.000000000000058398e+00 -5.474137920553224790e-01
1.000000000000058398e+00 -5.517241391499715375e-01
1.000000000000058398e+00 -5.560344862186138437e-01
1.000000000000058398e+00 -5.603448288089108997e-01
1.000000000000058398e+00 -5.646551711911547144e-01
1.000000000000058398e+00 -5.689655137814517705e-01
1.000000000000058398e+00 -5.732758608500940767e-01
1.000000000000058398e+00 -5.775862079447431352e-01
1.000000000000058398e+00 -5.818965506130602261e-01
1.000000000000058398e+00 -5.862068931253372472e-01
1.000000000000058398e+00 -5.905172358976806812e-01
1.000000000000058398e+00 -5.948275832003828700e-01
1.000000000000058398e+00 -5.991379305811052047e-01
1.000000000000058398e+00 -6.034482735875086323e-01
1.000000000000058398e+00 -6.077586164898854948e-01
1.000000000000058398e+00 -6.120689635585279120e-01
1.000000000000058398e+00 -6.163793103410971641e-01
1.000000000000058398e+00 -6.206896573057129052e-01
1.000000000000058398e+00 -6.250000000000364153e-01
1.000000000000058398e+00 -6.293103426943600365e-01
1.000000000000058398e+00 -6.336206896589758886e-01
1.000000000000058398e+00 -6.379310364415450296e-01
1.000000000000058398e+00 -6.422413835101875579e-01
1.000000000000058398e+00 -6.465517264125641983e-01
1.000000000000058398e+00 -6.508620694189678479e-01
1.000000000000058398e+00 -6.551724167996899606e-01
1.000000000000058398e+00 -6.594827641023922604e-01
1.000000000000058398e+00 -6.637931068747358054e-01
1.000000000000058398e+00 -6.681034493870128266e-01
1.000000000000058398e+00 -6.724137920553298065e-01
1.000000000000058398e+00 -6.767241391499788650e-01
1.000000000000058398e+00 -6.810344862186212822e-01
1.000000000000058398e+00 -6.853448288089183382e-01
1.000000000000058398e+00 -6.896551711911620419e-01
1.000000000000058398e+00 -6.939655137814590979e-01
1.000000000000058398e+00 -6.982758608501014042e-01
1.000000000000058398e+00 -7.025862079447504627e-01
1.000000000000058398e+00 -7.068965506130673315e-01
1.000000000000058398e+00 -7.112068931253443527e-01
1.000000000000058398e+00 -7.155172358976880087e-01
1.000000000000058398e+00 -7.198275832003903085e-01
1.000000000000058398e+00 -7.241379305811124212e-01
1.000000000000058398e+00 -7.284482735875159598e-01
1.000000000000058398e+00 -7.327586164898928223e-01
1.000000000000058398e+00 -7.370689635585351285e-01
1.000000000000058398e+00 -7.413793103411043806e-01
1.000000000000058398e+00 -7.456896573057203437e-01
1.000000000000058398e+00 -7.500000000000438538e-01
1.000000000000058398e+00 -7.543103426943673639e-01
1.000000000000058398e+00 -7.586206896589829940e-01
1.000000000000058398e+00 -7.629310364415524681e-01
1.000000000000058398e+00 -7.672413835101948854e-01
1.000000000000058398e+00 -7.715517264125716368e-01
1.000000000000058398e+00 -7.758620694189749534e-01
1.000000000000058398e+00 -7.801724167996973991e-01
1.000000000000058398e+00 -7.844827641023995879e-01
1.000000000000058398e+00 -7.887931068747430219e-01
1.000000000000058398e+00 -7.931034493870201540e-01
1.000000000000058398e+00 -7.974137920553371339e-01
1.000000000000058398e+00 -8.017241391499860814e-01
1.000000000000058398e+00 -8.060344862186283876e-01
1.000000000000058398e+00 -8.103448288089256657e-01
1.000000000000058398e+00 -8.146551711911693694e-01
1.000000000000058398e+00 -8.189655137814662034e-01
1.000000000000058398e+00 -8.232758608501086206e-01
1.000000000000058398e+00 -8.275862079447577901e-01
1.000000000000058398e+00 -8.318965506130747700e-01
1.000000000000058398e+00 -8.362068931253517912e-01
1.000000000000058398e+00 -8.405172358976952252e-01
1.000000000000058398e+00 -8.448275832003976360e-01
1.000000000000058398e+00 -8.491379305811197487e-01
1.000000000000058398e+00 -8.534482735875231763e-01
1.000000000000058398e+00 -8.577586164899000387e-01
1.000000000000058398e+00 -8.620689635585424559e-01
1.000000000000058398e+00 -8.663793103411117080e-01
1.000000000000058398e+00 -8.706896573057274491e-01
1.000000000000058398e+00 -8.750000000000510703e-01
1.000000000000058398e+00 -8.793103426943746914e-01
1.000000000000058398e+00 -8.836206896589905435e-01
1.000000000000058398e+00 -8.879310364415596846e-01
1.000000000000058398e+00 -8.922413835102019908e-01
1.000000000000058398e+00 -8.965517264125788532e-01
1.000000000000058398e+00 -9.008620694189823919e-01
1.000000000000058398e+00 -9.051724167997046155e-01
1.000000000000058398e+00 -9.094827641024065823e-01
1.000000000000058398e+00 -9.137931068747503494e-01
1.000134433999555261e+00 -9.182428090359326944e-01
1.000367924630260807e+00 -9.227951974102428512e-01
1.000666908747900541e+00 -9.274154795189865075e-01
1.000999633578030013e+00 -9.320707435804856944e-01
1.001336169292849965e+00 -9.367299535896195239e-01
1.001648395368117672e+00 -9.413639629609149573e-01
1.001910005503605205e+00 -9.459455019517295504e-01
1.002096507623099209e+00 -9.504491815164364255e-01
1.002185223874401343e+00 -9.548514933064254917e-01
1.002155290629328288e+00 -9.591308047496447386e-01
1.001987658483711074e+00 -9.632673726936885616e-01
1.001665088403209891e+00 -9.672433308289822840e-01
1.001172164300131229e+00 -9.710426935429674611e-01
1.000495279390337000e+00 -9.746513559201023247e-01
9.996226411137043577e-01 -9.780570888214019654e-01
9.985442711341254718e-01 -9.812495525275294339e-01
9.972520053395071971e-01 -9.842202841619782649e-01
9.957394938417708508e-01 -9.869627015452577812e-01
9.940021971226672415e-01 -9.894721031948935375e-01
9.920373986105925912e-01 -9.917456634049698350e-01
9.898441910374996544e-01 -9.937824458892171586e-01
9.874234813593558702e-01 -9.955833912041970324e-01
9.847779907561435842e-01 -9.971513206034868793e-01
9.819122546318599376e-01 -9.984909360376803544e-01
9.788326226145169784e-01 -9.996088152339297483e-01
9.755472585561412169e-01 -1.000513425339033535e+00
9.720661366785882107e-01 -1.001215110342621006e+00
9.684010541503598191e-01 -1.001726094931338018e+00
9.645656174435135455e-01 -1.002060479568387841e+00
9.605752472541223552e-01 -1.002234254136620928e+00
9.564471785022736761e-01 -1.002265285361718883e+00
9.522004603320693983e-01 -1.002173320666378764e+00
9.478559561116268739e-01 -1.001979988170314195e+00
9.434363395788920581e-01 -1.001708791769796658e+00
9.389661074184568745e-01 -1.001385124780745040e+00
9.344715656184692243e-01 -1.001036257361908044e+00
9.299808343910923591e-01 -1.000691340369051607e+00
9.255238481725041044e-01 -1.000381405354956899e+00
9.211323556228966369e-01 -1.000139359648963611e+00
9.168399196264777062e-01 -1.000000000000058398e+00
9.126819172914691913e-01 -1.000000000000058398e+00
9.085239105041220675e-01 -1.000000000000058398e+00
9.043659038728149024e-01 -1.000000000000058398e+00
9.002078970854675566e-01 -1.000000000000058398e+00
8.960498947504591527e-01 -1.000000000000058398e+00
8.918918927535373076e-01 -1.000000000000058398e+00
8.877338908346352753e-01 -1.000000000000058398e+00
8.835758887336866430e-01 -1.000000000000058398e+00
8.794178823364394715e-01 -1.000000000000058398e+00
8.752598762512717734e-01 -1.000000000000058398e+00
8.711018701661041863e-01 -1.000000000000058398e+00
8.669438637688567928e-01 -1.000000000000058398e+00
8.627858616679082715e-01 -1.000000000000058398e+00
8.586278597490062392e-01 -1.000000000000058398e+00
8.544698577520843941e-01 -1.000000000000058398e+00
8.503118554170758792e-01 -1.000000000000058398e+00
8.461538486297287553e-01 -1.000000000000058398e+00
8.419958419984214792e-01 -1.000000000000058398e+00
8.378378352110742444e-01 -1.000000000000058398e+00
8.336798328760660626e-01 -1.000000000000058398e+00
8.295218308791439954e-01 -1.000000000000058398e+00
8.253638289602420741e-01 -1.000000000000058398e+00
8.212058268592933308e-01 -1.000000000000058398e+00
8.170478204620461593e-01 -1.000000000000058398e+00
8.128898143768784612e-01 -1.000000000000058398e+00
8.087318082917109852e-01 -1.000000000000058398e+00
8.045738018944637027e-01 -1.000000000000058398e+00
8.004157997935149593e-01 -1.000000000000058398e+00
7.962577978746130380e-01 -1.000000000000058398e+00
7.920997958776909709e-01 -1.000000000000058398e+00
7.879417935426825670e-01 -1.000000000000058398e+00
7.837837867553354432e-01 -1.000000000000058398e+00
7.796257801240282781e-01 -1.000000000000058398e+00
7.754677733366811543e-01 -1.000000000000058398e+00
7.713097710016725284e-01 -1.000000000000058398e+00
7.671517690047506832e-01 -1.000000000000058398e+00
7.629937670858487619e-01 -1.000000000000058398e+00
7.588357649849002406e-01 -1.000000000000058398e+00
7.546777585876528471e-01 -1.000000000000058398e+00
7.505197525024851490e-01 -1.000000000000058398e+00
7.463617464173176730e-01 -1.000000000000058398e+00
7.422037400200702795e-01 -1.000000000000058398e+00
7.380457379191216472e-01 -1.000000000000058398e+00
7.338877360002197259e-01 -1.000000000000058398e+00
7.297297340032977697e-01 -1.000000000000058398e+00
7.255717316682894769e-01 -1.000000000000058398e+00
7.214137248809420200e-01 -1.000000000000058398e+00
7.172557182496349659e-01 -1.000000000000058398e+00
7.130977114622877311e-01 -1.000000000000058398e+00
7.089397091272793272e-01 -1.000000000000058398e+00
7.047817071303573710e-01 -1.000000000000058398e+00
7.006237052114552277e-01 -1.000000000000058398e+00
6.964657031105069285e-01 -1.000000000000058398e+00
6.923076967132596460e-01 -1.000000000000058398e+00
6.881496906280919479e-01 -1.000000000000058398e+00
6.839916845429242498e-01 -1.000000000000058398e+00
6.798336781456770783e-01 -1.000000000000058398e+00
6.756756760447285570e-01 -1.000000000000058398e+00
6.715176741258264137e-01 -1.000000000000058398e+00
6.673596721289045686e-01 -1.000000000000058398e+00
6.632016697938961647e-01 -1.000000000000058398e+00
6.590436630065489299e-01 -1.000000000000058398e+00
6.548856563752416537e-01 -1.000000000000058398e+00
6.507276495878946410e-01 -1.000000000000058398e+00
6.465696472528859040e-01 -1.000000000000058398e+00
6.424116452559642809e-01 -1.000000000000058398e+00
6.382536433370621376e-01 -1.000000000000058398e+00
6.340956412361136163e-01 -1.000000000000058398e+00
6.299376348388661118e-01 -1.000000000000058398e+00
6.257796287536986357e-01 -1.000000000000058398e+00
6.216216226685311597e-01 -1.000000000000058398e+00
6.174636162712836551e-01 -1.000000000000058398e+00
6.133056141703351338e-01 -1.000000000000058398e+00
6.091476122514332125e-01 -1.000000000000058398e+00
6.049896102545111454e-01 -1.000000000000058398e+00
6.008316079195028525e-01 -1.000000000000058398e+00
5.966736011321556177e-01 -1.000000000000058398e+00
5.925155945008483416e-01 -1.000000000000058398e+00
5.883575877135011067e-01 -1.000000000000058398e+00
5.841995853784928139e-01 -1.000000000000058398e+00
5.800415833815708577e-01 -1.000000000000058398e+00
5.758835814626688254e-01 -1.000000000000058398e+00
5.717255793617203041e-01 -1.000000000000058398e+00
5.675675768186586589e-01 -1.000000000000058398e+00
5.634095697192316177e-01 -1.000000000000058398e+00
5.592515626718179700e-01 -1.000000000000058398e+00
5.550935553643379095e-01 -1.000000000000058398e+00
5.509355524051697817e-01 -1.000000000000058398e+00
5.467775496800616475e-01 -1.000000000000058398e+00
5.426195469289467610e-01 -1.000000000000058398e+00
5.384615438917587094e-01 -1.000000000000058398e+00
5.343035364542452204e-01 -1.000000000000058398e+00
5.301455292247850837e-01 -1.000000000000058398e+00
5.259875218912981598e-01 -1.000000000000058398e+00
5.218295190621634605e-01 -1.000000000000058398e+00
5.176715166231283805e-01 -1.000000000000058398e+00
5.135135143141266179e-01 -1.000000000000058398e+00
5.093555118750915378e-01 -1.000000000000058398e+00
5.051975090459568385e-01 -1.000000000000058398e+00
5.010395017124699146e-01 -1.000000000000058398e+00
4.968814944830097780e-01 -1.000000000000058398e+00
4.927234870454962889e-01 -1.000000000000058398e+00
4.885654840083081818e-01 -1.000000000000058398e+00
4.844074812571934063e-01 -1.000000000000058398e+00
4.802494785320852166e-01 -1.000000000000058398e+00
4.760914755729172554e-01 -1.000000000000058398e+00
4.719334682654370283e-01 -1.000000000000058398e+00
4.677754612180233251e-01 -1.000000000000058398e+00
4.636174541185963394e-01 -1.000000000000058398e+00
4.594594515755347497e-01 -1.000000000000058398e+00
4.553014494745861729e-01 -1.000000000000058398e+00
4.511434475556841406e-01 -1.000000000000058398e+00
4.469854455587621844e-01 -1.000000000000058398e+00
4.428274432237538361e-01 -1.000000000000058398e+00
4.386694364364066567e-01 -1.000000000000058398e+00
4.345114298050994361e-01 -1.000000000000058398e+00
4.303534230177522568e-01 -1.000000000000058398e+00
4.261954206827437974e-01 -1.000000000000058398e+00
4.220374186858218968e-01 -1.000000000000058398e+00
4.178794167669198645e-01 -1.000000000000058398e+00
4.137214146659713432e-01 -1.000000000000058398e+00
4.095634082687239497e-01 -1.000000000000058398e+00
4.054054021835563626e-01 -1.000000000000058398e+00
4.012473960983888310e-01 -1.000000000000058398e+00
3.970893897011414375e-01 -1.000000000000058398e+00
3.929313876001928607e-01 -1.000000000000058398e+00
3.887733856812909394e-01 -1.000000000000058398e+00
3.846153836843688167e-01 -1.000000000000058398e+00
3.804573813493604684e-01 -1.000000000000058398e+00
3.762993745620134001e-01 -1.000000000000058398e+00
3.721413679307061795e-01 -1.000000000000058398e+00
3.679833611433589446e-01 -1.000000000000058398e+00
3.638253588083505408e-01 -1.000000000000058398e+00
3.596673568114285291e-01 -1.000000000000058398e+00
3.555093548925265523e-01 -1.000000000000058398e+00
3.513513527915781420e-01 -1.000000000000058398e+00
3.471933463943306930e-01 -1.000000000000058398e+00
3.430353403091630504e-01 -1.000000000000058398e+00
3.388773342239955189e-01 -1.000000000000058398e+00
3.347193278267481809e-01 -1.000000000000058398e+00
3.305613257257995485e-01 -1.000000000000058398e+00
3.264033238068976273e-01 -1.000000000000058398e+00
3.222453218099756156e-01 -1.000000000000058398e+00
3.180873194749672672e-01 -1.000000000000058398e+00
3.139293126876200879e-01 -1.000000000000058398e+00
3.097713060563128673e-01 -1.000000000000058398e+00
3.056132992689656325e-01 -1.000000000000058398e+00
3.014552969339572286e-01 -1.000000000000058398e+00
2.972972949370352724e-01 -1.000000000000058398e+00
2.931392930181332401e-01 -1.000000000000058398e+00
2.889812909171847188e-01 -1.000000000000058398e+00
2.848232845199373808e-01 -1.000000000000058398e+00
2.806652784347697938e-01 -1.000000000000058398e+00
2.765072723496022067e-01 -1.000000000000058398e+00
2.723492659523548132e-01 -1.000000000000058398e+00
2.681912638514062919e-01 -1.000000000000058398e+00
2.640332619325043151e-01 -1.000000000000058398e+00
2.598752599355823589e-01 -1.000000000000058398e+00
2.557172576005739550e-01 -1.000000000000058398e+00
2.515592508132267757e-01 -1.000000000000058398e+00
2.474012441819195274e-01 -1.000000000000058398e+00
2.432432373945723758e-01 -1.000000000000058398e+00
2.390852350595639442e-01 -1.000000000000058398e+00
2.349272330626419880e-01 -1.000000000000058398e+00
2.307692311437400390e-01 -1.000000000000058398e+00
2.266112290427914622e-01 -1.000000000000058398e+00
2.224532226455440687e-01 -1.000000000000058398e+00
2.182952165603765371e-01 -1.000000000000058398e+00
2.141372104752089223e-01 -1.000000000000058398e+00
2.099792040779615010e-01 -1.000000000000058398e+00
2.058212019770129797e-01 -1.000000000000058398e+00
2.016632000581110307e-01 -1.000000000000058398e+00
1.975051980611890745e-01 -1.000000000000058398e+00
1.933471957261806984e-01 -1.000000000000058398e+00
1.891891889388334913e-01 -1.000000000000058398e+00
1.850311823075262430e-01 -1.000000000000058398e+00
1.808731755201790359e-01 -1.000000000000058398e+00
1.767151731851706598e-01 -1.000000000000058398e+00
1.725571711882487036e-01 -1.000000000000058398e+00
1.683991692693467268e-01 -1.000000000000058398e+00
1.642411671683982055e-01 -1.000000000000058398e+00
1.600831607711507842e-01 -1.000000000000058398e+00
1.559251546859832249e-01 -1.000000000000058398e+00
1.517671486008156378e-01 -1.000000000000058398e+00
1.476091422035682443e-01 -1.000000000000058398e+00
1.434511401026197230e-01 -1.000000000000058398e+00
1.392931381837177185e-01 -1.000000000000058398e+00
1.351351361867957901e-01 -1.000000000000058398e+00
1.309771338517873862e-01 -1.000000000000058398e+00
1.268191270644402069e-01 -1.000000000000058398e+00
1.226611204331329308e-01 -1.000000000000058398e+00
1.185031136457857653e-01 -1.000000000000058398e+00
1.143451113107773615e-01 -1.000000000000058398e+00
1.101871093138554192e-01 -1.000000000000058398e+00
1.060291073949534285e-01 -1.000000000000058398e+00
1.018711052940048933e-01 -1.000000000000058398e+00
9.771309889675749982e-02 -1.000000000000058398e+00
9.355509281158992663e-02 -1.000000000000058398e+00
8.939708672642235343e-02 -1.000000000000058398e+00
8.523908032917497379e-02 -1.000000000000058398e+00
8.108107822822642474e-02 -1.000000000000058398e+00
7.692307630932444795e-02 -1.000000000000058398e+00
7.276507238530961763e-02 -1.000000000000058398e+00
6.860706863033802505e-02 -1.000000000000058398e+00
6.444906475833650505e-02 -1.000000000000058398e+00
6.029106048323187861e-02 -1.000000000000058398e+00
5.613305359185811333e-02 -1.000000000000058398e+00
5.197505115282308186e-02 -1.000000000000058398e+00
4.781704905187454668e-02 -1.000000000000058398e+00
4.365904510185306120e-02 -1.000000000000058398e+00
3.950104147691473749e-02 -1.000000000000058398e+00
3.534303789098638265e-02 -1.000000000000058398e+00
3.118503405799483499e-02 -1.000000000000058398e+00
2.702702776477405172e-02 -1.000000000000058398e+00
2.286902115947344466e-02 -1.000000000000058398e+00
1.871101885047168553e-02 -1.000000000000058398e+00
1.455301672351648652e-02 -1.000000000000058398e+00
1.039501259144844959e-02 -1.000000000000058398e+00
6.237008628423646936e-03 -1.000000000000058398e+00
2.079004548368912526e-03 -1.000000000000058398e+00
-2.078999934788920961e-03 -1.000000000000058398e+00
-6.237007034215904556e-03 -1.000000000000058398e+00
-1.039500968130413656e-02 -1.000000000000058398e+00
-1.455301199030589569e-02 -1.000000000000058398e+00
-1.871101614838058605e-02 -1.000000000000058398e+00
-2.286901998137213024e-02 -1.000000000000058398e+00
-2.702702377535369863e-02 -1.000000000000058398e+00
-3.118502781639845636e-02 -1.000000000000058398e+00
-3.534303431767245318e-02 -1.000000000000058398e+00
-3.950104113102627379e-02 -1.000000000000058398e+00
-4.365904364808123606e-02 -1.000000000000058398e+00
-4.781704598308965382e-02 -1.000000000000058398e+00
-5.197505032321090429e-02 -1.000000000000058398e+00
-5.613305449428892396e-02 -1.000000000000058398e+00
-6.029105878239686411e-02 -1.000000000000058398e+00
-6.444906347360791765e-02 -1.000000000000058398e+00
-6.860707078108810308e-02 -1.000000000000058398e+00
-7.276507363622955471e-02 -1.000000000000058398e+00
-7.692307615328453085e-02 -1.000000000000058398e+00
-8.108108051941241567e-02 -1.000000000000058398e+00
-8.523908456045717341e-02 -1.000000000000058398e+00
-8.939708856249196922e-02 -1.000000000000058398e+00
-9.355509281158992663e-02 -1.000000000000058398e+00
-9.771309706068791179e-02 -1.000000000000058398e+00
-1.018711010627226937e-01 -1.000000000000058398e+00
-1.060291051037674376e-01 -1.000000000000058398e+00
-1.101871094698953363e-01 -1.000000000000058398e+00
-1.143451139140432005e-01 -1.000000000000058398e+00
-1.185031181891478269e-01 -1.000000000000058398e+00
-1.226611225812823808e-01 -1.000000000000058398e+00
-1.268191249162907708e-01 -1.000000000000058398e+00
-1.309771293084253108e-01 -1.000000000000058398e+00
-1.351351335835299650e-01 -1.000000000000058398e+00
-1.392931380276778153e-01 -1.000000000000058398e+00
-1.434511423938057140e-01 -1.000000000000058398e+00
-1.476091464348504578e-01 -1.000000000000058398e+00
-1.517671504368852398e-01 -1.000000000000058398e+00
-1.559251546859832249e-01 -1.000000000000058398e+00
-1.600831589350811823e-01 -1.000000000000058398e+00
-1.642411629371159920e-01 -1.000000000000058398e+00
-1.683991669781607359e-01 -1.000000000000058398e+00
-1.725571713442886068e-01 -1.000000000000058398e+00
-1.767151757884364849e-01 -1.000000000000058398e+00
-1.808731800635410836e-01 -1.000000000000058398e+00
-1.850311844556756791e-01 -1.000000000000058398e+00
-1.891891867906840830e-01 -1.000000000000058398e+00
-1.933471911828186507e-01 -1.000000000000058398e+00
-1.975051954579232494e-01 -1.000000000000058398e+00
-2.016631999020710997e-01 -1.000000000000058398e+00
-2.058212023411061242e-01 -1.000000000000058398e+00
-2.099792068892805397e-01 -1.000000000000058398e+00
-2.141372113724384074e-01 -1.000000000000058398e+00
-2.182952160766528094e-01 -1.000000000000058398e+00
-2.224532207548604867e-01 -1.000000000000058398e+00
-2.266112251599984029e-01 -1.000000000000058398e+00
-2.307692295781395841e-01 -1.000000000000058398e+00
-2.349272342953572512e-01 -1.000000000000058398e+00
-2.390852390645883119e-01 -1.000000000000058398e+00
-2.432432436387693686e-01 -1.000000000000058398e+00
-2.474012483039738086e-01 -1.000000000000058398e+00
-2.515592508860454157e-01 -1.000000000000058398e+00
-2.557172554992365177e-01 -1.000000000000058398e+00
-2.598752599693909815e-01 -1.000000000000058398e+00
-2.640332645825820834e-01 -1.000000000000058398e+00
-2.681912671646536905e-01 -1.000000000000058398e+00
-2.723492718298580750e-01 -1.000000000000058398e+00
-2.765072764040392150e-01 -1.000000000000058398e+00
-2.806652811732701647e-01 -1.000000000000058398e+00
-2.848232858904878873e-01 -1.000000000000058398e+00
-2.889812903086290685e-01 -1.000000000000058398e+00
-2.931392947137669847e-01 -1.000000000000058398e+00
-2.972972993919746898e-01 -1.000000000000058398e+00
-3.014553040961890917e-01 -1.000000000000058398e+00
-3.056133085793469317e-01 -1.000000000000058398e+00
-3.097713131275213749e-01 -1.000000000000058398e+00
-3.139293155665563995e-01 -1.000000000000058398e+00
-3.180873200107042775e-01 -1.000000000000058398e+00
-3.222453242858088762e-01 -1.000000000000058398e+00
-3.264033286779434162e-01 -1.000000000000058398e+00
-3.305613310129518201e-01 -1.000000000000058398e+00
-3.347193354050864156e-01 -1.000000000000058398e+00
-3.388773396801910143e-01 -1.000000000000058398e+00
-3.430353441243388923e-01 -1.000000000000058398e+00
-3.471933484904667910e-01 -1.000000000000058398e+00
-3.513513525315115071e-01 -1.000000000000058398e+00
-3.555093565335463168e-01 -1.000000000000058398e+00
-3.596673607826442187e-01 -1.000000000000058398e+00
-3.638253650317422316e-01 -1.000000000000058398e+00
-3.679833690337770413e-01 -1.000000000000058398e+00
-3.721413730748218129e-01 -1.000000000000058398e+00
-3.762993774409497116e-01 -1.000000000000058398e+00
-3.804573818850975897e-01 -1.000000000000058398e+00
-3.846153861602021329e-01 -1.000000000000058398e+00
-3.887733905523367284e-01 -1.000000000000058398e+00
-3.929313928873450767e-01 -1.000000000000058398e+00
-3.970893972794796722e-01 -1.000000000000058398e+00
-4.012474015545843820e-01 -1.000000000000058398e+00
-4.054054059987321490e-01 -1.000000000000058398e+00
-4.095634103648601032e-01 -1.000000000000058398e+00
-4.137214144059048193e-01 -1.000000000000058398e+00
-4.178794184079396290e-01 -1.000000000000058398e+00
-4.220374226570375864e-01 -1.000000000000058398e+00
-4.261954249790426141e-01 -1.000000000000058398e+00
-4.303534294882071509e-01 -1.000000000000058398e+00
-4.345114340103749528e-01 -1.000000000000058398e+00
-4.386694407587121147e-01 -1.000000000000058398e+00
-4.428274451248400689e-01 -1.000000000000058398e+00
-4.469854493219247438e-01 -1.000000000000058398e+00
-4.511434536360392489e-01 -1.000000000000058398e+00
-4.553014558930277289e-01 -1.000000000000058398e+00
-4.594594582800495264e-01 -1.000000000000058398e+00
-4.636174629842638728e-01 -1.000000000000058398e+00
-4.677754697586076760e-01 -1.000000000000058398e+00
-4.719334739947023127e-01 -1.000000000000058398e+00
-4.760914779057137669e-01 -1.000000000000058398e+00
-4.802494817777153702e-01 -1.000000000000058398e+00
-4.844074858967800656e-01 -1.000000000000058398e+00
-4.885654880887518869e-01 -1.000000000000058398e+00
-4.927234924678831618e-01 -1.000000000000058398e+00
-4.968814968600177018e-01 -1.000000000000058398e+00
-5.010395034783216017e-01 -1.000000000000058398e+00
-5.051975077144162940e-01 -1.000000000000058398e+00
-5.093555117814676514e-01 -1.000000000000058398e+00
-5.135135159655490611e-01 -1.000000000000058398e+00
-5.176715180925042237e-01 -1.000000000000058398e+00
-5.218295203494925927e-01 -1.000000000000058398e+00
-5.259875249236737327e-01 -1.000000000000058398e+00
-5.301455315679843849e-01 -1.000000000000058398e+00
-5.343035356740457598e-01 -1.000000000000058398e+00
-5.384615394550239520e-01 -1.000000000000058398e+00
-5.426195431969922378e-01 -1.000000000000058398e+00
-5.467775471860236713e-01 -1.000000000000058398e+00
-5.509355492479622862e-01 -1.000000000000058398e+00
-5.550935534970602436e-01 -1.000000000000058398e+00
-5.592515577591615772e-01 -1.000000000000058398e+00
-5.634095642474321597e-01 -1.000000000000058398e+00
-5.675675683534936455e-01 -1.000000000000058398e+00
-5.717255722905117965e-01 -1.000000000000058398e+00
-5.758835763445597777e-01 -1.000000000000058398e+00
-5.800415783414817339e-01 -1.000000000000058398e+00
-5.841995804684368965e-01 -1.000000000000058398e+00
-5.883575849125847190e-01 -1.000000000000058398e+00
-5.925155894997692352e-01 -1.000000000000058398e+00
-5.966735964431562067e-01 -1.000000000000058398e+00
-6.008316011343672880e-01 -1.000000000000058398e+00
-6.049896057865684629e-01 -1.000000000000058398e+00
-6.091476082256035429e-01 -1.000000000000058398e+00
-6.133056106386317596e-01 -1.000000000000058398e+00
-6.174636152128130107e-01 -1.000000000000058398e+00
-6.216216197739907745e-01 -1.000000000000058398e+00
-6.257796265353312570e-01 -1.000000000000058398e+00
-6.299376333486849111e-01 -1.000000000000058398e+00
-6.340956380659027447e-01 -1.000000000000058398e+00
-6.382536404399211660e-01 -1.000000000000058398e+00
-6.424116426578996286e-01 -1.000000000000058398e+00
-6.465696449799046563e-01 -1.000000000000058398e+00
-6.507276495930958138e-01 -1.000000000000058398e+00
-6.548856543233169125e-01 -1.000000000000058398e+00
-6.590436613837338253e-01 -1.000000000000058398e+00
-6.632016661659682066e-01 -1.000000000000058398e+00
-6.673596708831859292e-01 -1.000000000000058398e+00
-6.715176733612308047e-01 -1.000000000000058398e+00
-6.756756757872626196e-01 -1.000000000000058398e+00
-6.798336803484403834e-01 -1.000000000000058398e+00
-6.839916848706081298e-01 -1.000000000000058398e+00
-6.881496896398391350e-01 -1.000000000000058398e+00
-6.923076968692994937e-01 -1.000000000000058398e+00
-6.964657019506101943e-01 -1.000000000000058398e+00
-7.006237046367083110e-01 -1.000000000000058398e+00
-7.047817071147532975e-01 -1.000000000000058398e+00
-7.089397115719046072e-01 -1.000000000000058398e+00
-7.130977158340059407e-01 -1.000000000000058398e+00
-7.172557201871303523e-01 -1.000000000000058398e+00
-7.214137268444442697e-01 -1.000000000000058398e+00
-7.255717311975690142e-01 -1.000000000000058398e+00
-7.297297354596703478e-01 -1.000000000000058398e+00
-7.338877374565921929e-01 -1.000000000000058398e+00
-7.380457393754942252e-01 -1.000000000000058398e+00
-7.422037434035356762e-01 -1.000000000000058398e+00
-7.463617473665603574e-01 -1.000000000000058398e+00
-7.505197515506417671e-01 -1.000000000000058398e+00
-7.546777581689456671e-01 -1.000000000000058398e+00
-7.588357626130934896e-01 -1.000000000000058398e+00
-7.629937670962514407e-01 -1.000000000000058398e+00
-7.671517694442631097e-01 -1.000000000000058398e+00
-7.713097737713811020e-01 -1.000000000000058398e+00
-7.754677779034488960e-01 -1.000000000000058398e+00
-7.796257821265403232e-01 -1.000000000000058398e+00
-7.837837886538210341e-01 -1.000000000000058398e+00
-7.879417928769123503e-01 -1.000000000000058398e+00
-7.920997970089804774e-01 -1.000000000000058398e+00
-7.962577988758691161e-01 -1.000000000000058398e+00
-8.004158006647378309e-01 -1.000000000000058398e+00
-8.045738045627458535e-01 -1.000000000000058398e+00
-8.087318083957374393e-01 -1.000000000000058398e+00
-8.128898124497855315e-01 -1.000000000000058398e+00
-8.170478189380563361e-01 -1.000000000000058398e+00
-8.212058232521709522e-01 -1.000000000000058398e+00
-8.253638276052953637e-01 -1.000000000000058398e+00
-8.295218298232739373e-01 -1.000000000000058398e+00
-8.336798340203587232e-01 -1.000000000000058398e+00
-8.378378380223934219e-01 -1.000000000000058398e+00
-8.419958421154514205e-01 -1.000000000000058398e+00
-8.461538485126987030e-01 -1.000000000000058398e+00
-8.503118526057569238e-01 -1.000000000000058398e+00
-8.544698566077916224e-01 -1.000000000000058398e+00
-8.586278608048762973e-01 -1.000000000000058398e+00
-8.627858649499476895e-01 -1.000000000000058398e+00
-8.669438687959427625e-01 -1.000000000000058398e+00
-8.711018726289340153e-01 -1.000000000000058398e+00
-8.752598767349955011e-01 -1.000000000000058398e+00
-8.794178808670635172e-01 -1.000000000000058398e+00
-8.835758847780750269e-01 -1.000000000000058398e+00
-8.877338887541030843e-01 -1.000000000000058398e+00
-8.918918906209919450e-01 -1.000000000000058398e+00
-8.960498944929933263e-01 -1.000000000000058398e+00
-9.002078981959515946e-01 -1.000000000000058398e+00
-9.043659020159400264e-01 -1.000000000000058398e+00
-9.085239062390312315e-01 -1.000000000000058398e+00
-9.126819106181623953e-01 -1.000000000000058398e+00
-9.168399149062703701e-01 -1.000000000000058398e+00
-9.211323533889252957e-01 -1.000139359648963611e+00
-9.255238465236822476e-01 -1.000381405354956899e+00
-9.299808333534271831e-01 -1.000691340369051607e+00
-9.344715652179667043e-01 -1.001036257361908044e+00
-9.389661076811239848e-01 -1.001385124780745040e+00
-9.434363380705064195e-01 -1.001708791769796658e+00
-9.478559522990518404e-01 -1.001979988170314195e+00
-9.522004585766205009e-01 -1.002173320666378764e+00
-9.564471768768580962e-01 -1.002265285361718883e+00
-9.605752457587399817e-01 -1.002234254136620928e+00
-9.645656160781644894e-01 -1.002060479568387841e+00
-9.684010529150438584e-01 -1.001726094931338018e+00
-9.720661355733055675e-01 -1.001215110342621006e+00
-9.755472551206624265e-01 -1.000513425339033535e+00
-9.788326212101576829e-01 -9.996088152339297483e-01
-9.819122557917567828e-01 -9.984909360376803544e-01
-9.847779925792099487e-01 -9.971513206034868793e-01
-9.874234838715985063e-01 -9.955833912041970324e-01
-9.898441942649250924e-01 -9.937824458892171586e-01
-9.920374025792076944e-01 -9.917456634049698350e-01
-9.940021993982491866e-01 -9.894721031948935375e-01
-9.957394938911835469e-01 -9.869627015452577812e-01
-9.972520075240659532e-01 -9.842202841619782649e-01
-9.985442735267375802e-01 -9.812495525275294339e-01
-9.996226437143695964e-01 -9.780570888214019654e-01
-1.000495282199055369e+00 -9.746513559201023247e-01
-1.001172167316902728e+00 -9.710426935429674611e-01
-1.001665089167805611e+00 -9.672433308289822840e-01
-1.001987656436987617e+00 -9.632673726936885616e-01
-1.002155290106594654e+00 -9.591308047496447386e-01
-1.002185225382787204e+00 -9.548514933064254917e-01
-1.002096509235511634e+00 -9.504491815164364255e-01
-1.001910007220044196e+00 -9.459455019517295504e-01
-1.001648397188583450e+00 -9.413639629609149573e-01
-1.001336171217342308e+00 -9.367299535896195239e-01
-1.000999633146319567e+00 -9.320707435804856944e-01
-1.000666905400844575e+00 -9.274154795189865075e-01
-1.000367922703167878e+00 -9.227951974102428512e-01
-1.000134433999555261e+00 -9.182428090359326944e-01
-1.000000000000058398e+00 -9.137931068747503494e-01
-1.000000000000058398e+00 -9.094827641024065823e-01
-1.000000000000058398e+00 -9.051724167997046155e-01
-1.000000000000058398e+00 -9.008620694189823919e-01
-1.000000000000058398e+00 -8.965517264125788532e-01
-1.000000000000058398e+00 -8.922413835102019908e-01
-1.000000000000058398e+00 -8.879310364415596846e-01
-1.000000000000058398e+00 -8.836206896589905435e-01
-1.000000000000058398e+00 -8.793103426943746914e-01
-1.000000000000058398e+00 -8.750000000000510703e-01
-1.000000000000058398e+00 -8.706896573057274491e-01
-1.000000000000058398e+00 -8.663793103411117080e-01
-1.000000000000058398e+00 -8.620689635585424559e-01
-1.000000000000058398e+00 -8.577586164899000387e-01
-1.000000000000058398e+00 -8.534482735875231763e-01
-1.000000000000058398e+00 -8.491379305811197487e-01
-1.000000000000058398e+00 -8.448275832003976360e-01
-1.000000000000058398e+00 -8.405172358976952252e-01
-1.000000000000058398e+00 -8.362068931253517912e-01
-1.000000000000058398e+00 -8.318965506130747700e-01
-1.000000000000058398e+00 -8.275862079447577901e-01
-1.000000000000058398e+00 -8.232758608501086206e-01
-1.000000000000058398e+00 -8.189655137814662034e-01
-1.000000000000058398e+00 -8.146551711911693694e-01
-1.000000000000058398e+00 -8.103448288089256657e-01
-1.000000000000058398e+00 -8.060344862186283876e-01
-1.000000000000058398e+00 -8.017241391499860814e-01
-1.000000000000058398e+00 -7.974137920553371339e-01
-1.000000000000058398e+00 -7.931034493870201540e-01
-1.000000000000058398e+00 -7.887931068747430219e-01
-1.000000000000058398e+00 -7.844827641023995879e-01
-1.000000000000058398e+00 -7.801724167996973991e-01
-1.000000000000058398e+00 -7.758620694189749534e-01
-1.000000000000058398e+00 -7.715517264125716368e-01
-1.000000000000058398e+00 -7.672413835101948854e-01
-1.000000000000058398e+00 -7.629310364415524681e-01
-1.000000000000058398e+00 -7.586206896589829940e-01
-1.000000000000058398e+00 -7.543103426943673639e-01
-1.000000000000058398e+00 -7.500000000000438538e-01
-1.000000000000058398e+00 -7.456896573057203437e-01
-1.000000000000058398e+00 -7.413793103411043806e-01
-1.000000000000058398e+00 -7.370689635585351285e-01
-1.000000000000058398e+00 -7.327586164898928223e-01
-1.000000000000058398e+00 -7.284482735875159598e-01
-1.000000000000058398e+00 -7.241379305811124212e-01
-1.000000000000058398e+00 -7.198275832003903085e-01
-1.000000000000058398e+00 -7.155172358976880087e-01
-1.000000000000058398e+00 -7.112068931253443527e-01
-1.000000000000058398e+00 -7.068965506130673315e-01
-1.000000000000058398e+00 -7.025862079447504627e-01
-1.000000000000058398e+00 -6.982758608501014042e-01
-1.000000000000058398e+00 -6.939655137814590979e-01
-1.000000000000058398e+00 -6.896551711911620419e-01
-1.000000000000058398e+00 -6.853448288089183382e-01
-1.000000000000058398e+00 -6.810344862186212822e-01
-1.000000000000058398e+00 -6.767241391499788650e-01
-1.000000000000058398e+00 -6.724137920553298065e-01
-1.000000000000058398e+00 -6.681034493870128266e-01
-1.000000000000058398e+00 -6.637931068747358054e-01
-1.000000000000058398e+00 -6.594827641023922604e-01
-1.000000000000058398e+00 -6.551724167996899606e-01
-1.000000000000058398e+00 -6.508620694189678479e-01
-1.000000000000058398e+00 -6.465517264125641983e-01
-1.000000000000058398e+00 -6.422413835101875579e-01
-1.000000000000058398e+00 -6.379310364415450296e-01
-1.000000000000058398e+00 -6.336206896589758886e-01
-1.000000000000058398e+00 -6.293103426943600365e-01
-1.000000000000058398e+00 -6.250000000000364153e-01
-1.000000000000058398e+00 -6.206896573057129052e-01
-1.000000000000058398e+00 -6.163793103410971641e-01
-1.000000000000058398e+00 -6.120689635585279120e-01
-1.000000000000058398e+00 -6.077586164898854948e-01
-1.000000000000058398e+00 -6.034482735875086323e-01
-1.000000000000058398e+00 -5.991379305811052047e-01
-1.000000000000058398e+00 -5.948275832003828700e-01
-1.000000000000058398e+00 -5.905172358976806812e-01
-1.000000000000058398e+00 -5.862068931253372472e-01
-1.000000000000058398e+00 -5.818965506130602261e-01
-1.000000000000058398e+00 -5.775862079447431352e-01
-1.000000000000058398e+00 -5.732758608500940767e-01
-1.000000000000058398e+00 -5.689655137814517705e-01
-1.000000000000058398e+00 -5.646551711911547144e-01
-1.000000000000058398e+00 -5.603448288089108997e-01
-1.000000000000058398e+00 -5.560344862186138437e-01
-1.000000000000058398e+00 -5.517241391499715375e-01
-1.000000000000058398e+00 -5.474137920553224790e-01
-1.000000000000058398e+00 -5.431034493870054991e-01
-1.000000000000058398e+00 -5.387931068747284780e-01
-1.000000000000058398e+00 -5.344827641023850440e-01
-1.000000000000058398e+00 -5.301724167996826331e-01
-1.000000000000058398e+00 -5.258620694189605205e-01
-1.000000000000058398e+00 -5.215517264125570929e-01
-1.000000000000058398e+00 -5.172413835101803414e-01
-1.000000000000058398e+00 -5.129310364415378132e-01
-1.000000000000058398e+00 -5.086206896589685611e-01
-1.000000000000058398e+00 -5.043103426943528200e-01
-1.000000000000058398e+00 -5.000000000000291989e-01
-1.000000000000058398e+00 -4.956896573057056332e-01
-1.000000000000058398e+00 -4.913793103410897811e-01
-1.000000000000058398e+00 -4.870689635585205846e-01
-1.000000000000058398e+00 -4.827586164898781118e-01
-1.000000000000058398e+00 -4.784482735875013049e-01
-1.000000000000058398e+00 -4.741379305810979328e-01
-1.000000000000058398e+00 -4.698275832003756536e-01
-1.000000000000058398e+00 -4.655172358976734093e-01
-1.000000000000058398e+00 -4.612068931253298643e-01
-1.000000000000058398e+00 -4.568965506130528431e-01
-1.000000000000058398e+00 -4.525862079447359188e-01
-1.000000000000058398e+00 -4.482758608500868047e-01
-1.000000000000058398e+00 -4.439655137814444430e-01
-1.000000000000058398e+00 -4.396551711911474425e-01
-1.000000000000058398e+00 -4.353448288089036278e-01
-1.000000000000058398e+00 -4.310344862186067383e-01
-1.000000000000058398e+00 -4.267241391499642100e-01
-1.000000000000058398e+00 -4.224137920553151515e-01
-1.000000000000058398e+00 -4.181034493869982271e-01
-1.000000000000058398e+00 -4.137931068747212060e-01
-1.000000000000058398e+00 -4.094827641023776055e-01
-1.000000000000058398e+00 -4.051724167996753057e-01
-1.000000000000058398e+00 -4.008620694189531375e-01
-1.000000000000058398e+00 -3.965517264125497654e-01
-1.000000000000058398e+00 -3.922413835101729029e-01
-1.000000000000058398e+00 -3.879310364415304857e-01
-1.000000000000058398e+00 -3.836206896589612891e-01
-1.000000000000058398e+00 -3.793103426943454926e-01
-1.000000000000058398e+00 -3.750000000000219269e-01
-1.000000000000058398e+00 -3.706896573056982502e-01
-1.000000000000058398e+00 -3.663793103410824537e-01
-1.000000000000058398e+00 -3.620689635585132571e-01
-1.000000000000058398e+00 -3.577586164898708954e-01
-1.000000000000058398e+00 -3.534482735874939774e-01
-1.000000000000058398e+00 -3.491379305810906053e-01
-1.000000000000058398e+00 -3.448275832003683816e-01
-1.000000000000058398e+00 -3.405172358976661928e-01
-1.000000000000058398e+00 -3.362068931253225368e-01
-1.000000000000058398e+00 -3.318965506130455156e-01
-1.000000000000058398e+00 -3.275862079447285358e-01
-1.000000000000058398e+00 -3.232758608500795328e-01
-1.000000000000058398e+00 -3.189655137814371155e-01
-1.000000000000058398e+00 -3.146551711911401150e-01
-1.000000000000058398e+00 -3.103448288088963558e-01
-1.000000000000058398e+00 -3.060344862185992998e-01
-1.000000000000058398e+00 -3.017241391499569381e-01
-1.000000000000058398e+00 -2.974137920553078795e-01
-1.000000000000058398e+00 -2.931034493869909552e-01
-1.000000000000058398e+00 -2.887931068747138230e-01
-1.000000000000058398e+00 -2.844827641023703890e-01
-1.000000000000058398e+00 -2.801724167996680892e-01
-1.000000000000058398e+00 -2.758620694189459210e-01
-1.000000000000058398e+00 -2.715517264125424379e-01
-1.000000000000058398e+00 -2.672413835101656310e-01
-1.000000000000058398e+00 -2.629310364415232137e-01
-1.000000000000058398e+00 -2.586206896589539617e-01
-1.000000000000058398e+00 -2.543103426943381651e-01
-1.000000000000058398e+00 -2.500000000000145994e-01
-1.000000000000058398e+00 -2.456896573056909505e-01
-1.000000000000058398e+00 -2.413793103410752094e-01
-1.000000000000058398e+00 -2.370689635585059296e-01
-1.000000000000058398e+00 -2.327586164898635679e-01
-1.000000000000058398e+00 -2.284482735874867332e-01
-1.000000000000058398e+00 -2.241379305810833056e-01
-1.000000000000058398e+00 -2.198275832003611097e-01
-1.000000000000058398e+00 -2.155172358976588376e-01
-1.000000000000058398e+00 -2.112068931253152648e-01
-1.000000000000058398e+00 -2.068965506130382437e-01
-1.000000000000058398e+00 -2.025862079447212638e-01
-1.000000000000058398e+00 -1.982758608500722608e-01
-1.000000000000058398e+00 -1.939655137814298436e-01
-1.000000000000058398e+00 -1.896551711911328431e-01
-1.000000000000058398e+00 -1.853448288088890561e-01
-1.000000000000058398e+00 -1.810344862185920556e-01
-1.000000000000058398e+00 -1.767241391499496661e-01
-1.000000000000058398e+00 -1.724137920553006076e-01
-1.000000000000058398e+00 -1.681034493869836555e-01
-1.000000000000058398e+00 -1.637931068747065788e-01
-1.000000000000058398e+00 -1.594827641023630338e-01
-1.000000000000058398e+00 -1.551724167996607895e-01
-1.000000000000058398e+00 -1.508620694189385658e-01
-1.000000000000058398e+00 -1.465517264125351660e-01
-1.000000000000058398e+00 -1.422413835101583035e-01
-1.000000000000058398e+00 -1.379310364415159418e-01
-1.000000000000058398e+00 -1.336206896589467175e-01
-1.000000000000058398e+00 -1.293103426943308931e-01
-1.000000000000058398e+00 -1.250000000000072997e-01
-1.000000000000058398e+00 -1.206896573056836786e-01
-1.000000000000058398e+00 -1.163793103410678959e-01
-1.000000000000058398e+00 -1.120689635584986715e-01
-1.000000000000058398e+00 -1.077586164898562682e-01
-1.000000000000058398e+00 -1.034482735874794473e-01
-1.000000000000058398e+00 -9.913793058107601974e-02
-1.000000000000058398e+00 -9.482758320035378219e-02
-1.000000000000058398e+00 -9.051723589765155176e-02
-1.000000000000058398e+00 -8.620689312530797899e-02
-1.000000000000058398e+00 -8.189655061303094397e-02
-9.999999999999997780e-01 -7.758620629328703833e-02
-9.999999999999996669e-01 -7.327586198690147490e-02
-9.999999999999996669e-01 -6.896551768418847372e-02
-9.999999999999996669e-01 -6.465517337546711207e-02
-9.999999999999996669e-01 -6.034482905105643946e-02
-9.999999999999996669e-01 -5.603448470127550540e-02
-9.999999999999996669e-01 -5.172414031644334553e-02
-9.999999999999997780e-01 -4.741379588687905100e-02
-9.999999999999997780e-01 -4.310345140290167132e-02
-9.999999999999997780e-01 -3.879310685483022825e-02
-9.999999999999997780e-01 -3.448276223298379906e-02
-9.999999999999998890e-01 -3.017241752768146101e-02
-9.999999999999998890e-01 -2.586207272924223588e-02
-1.000000000000000000e+00 -2.155172782798517317e-02
-1.000000000000000000e+00 -1.724138281422937791e-02
-1.000000000000000222e+00 -1.293103767829387185e-02
-1.000000000000000222e+00 -8.620692410497676761e-03
-1.000000000000000444e+00 -4.310347001159897662e-03
-1.000000000000000444e+00 -1.440599556312704976e-09
-1.000000000000000666e+00 4.310344280864242261e-03
-9.999999999999995559e-01 4.310355041234486401e-03
