1.000000000000000000e+00 0.000000000000000000e+00
9.999207274348141938e-01 3.776567820477090553e-02
9.996829223075360815e-01 7.547747402581543585e-02
9.992866223210103982e-01 1.130815819563868868e-01
9.987318903066703113e-01 1.505243501340133294e-01
9.980188142145752783e-01 1.877523568885797189e-01
9.971475070994674228e-01 2.247124869619820942e-01
9.961181071028466505e-01 2.613520072906066471e-01
9.949307774310699459e-01 2.976186422425107225e-01
9.935857063294746272e-01 3.334606482019607521e-01
9.920831070525339968e-01 3.688268873949134830e-01
9.904232178300462763e-01 4.036669008501086453e-01
9.886063018293647087e-01 4.379309803916771604e-01
9.866326471136734888e-01 4.715702395605466668e-01
9.845025665963167416e-01 5.045366833634598036e-01
9.822163979911877618e-01 5.367832767500868574e-01
9.797745037591862882e-01 5.682640117205373098e-01
9.771772710507514725e-01 5.989339729675186019e-01
9.744251116444818672e-01 6.287494019594928041e-01
9.715184618818493156e-01 6.576677593733950555e-01
9.684577825980191790e-01 6.856477857878411353e-01
9.652435590487877803e-01 7.126495605502278785e-01
9.618763008336467246e-01 7.386345587337379559e-01
9.583565418149885273e-01 7.635657061029861303e-01
9.546848400334658757e-01 7.874074320098828350e-01
9.508617776195164017e-01 8.101257201442466638e-01
9.468879607010689536e-01 8.316881570667579160e-01
9.427640193074448005e-01 8.520639784550064766e-01
9.384906072694699786e-01 8.712241129966532549e-01
9.340684021158131012e-01 8.891412238670813872e-01
9.294981049655668404e-01 9.057897477323568758e-01
9.247804404170886228e-01 9.211459312218527318e-01
9.199161564331194141e-01 9.351878648184970277e-01
9.149060242221976891e-01 9.478955141182944244e-01
9.097508381163877944e-01 9.592507484145190721e-01
9.044514154453432431e-01 9.692373665657978421e-01
8.990085964067220381e-01 9.778411201111751883e-01
8.934232439329784503e-01 9.850497335991815762e-01
8.876962435545484587e-01 9.908529221018992361e-01
8.818285032594538331e-01 9.952424058890387837e-01
8.758209533493445109e-01 9.982119222410880122e-01
8.696745462920042469e-01 9.997572343846811149e-01
8.633902565703414078e-01 9.998761375374373150e-01
8.569690805278890045e-01 9.985684620536464662e-01
8.504120362108399389e-01 9.958360736663116608e-01
8.437201632066402279e-01 9.916828708252043434e-01
8.368945224791678461e-01 9.861147791347311120e-01
8.299361962005216142e-01 9.791397428995447516e-01
8.228462875794488873e-01 9.707677137899662911e-01
8.156259206864360234e-01 9.610106366433847080e-01
8.082762402754934961e-01 9.498824324218970716e-01
8.007984116026602983e-01 9.373989783505013440e-01
7.931936202412581682e-01 9.235780852641799488e-01
7.854630718939250578e-01 9.084394721961954744e-01
7.776079922014562662e-01 8.920047382438553996e-01
7.696296265484861010e-01 8.742973317518829557e-01
7.615292398660370443e-01 8.553425168573667303e-01
7.533081164309715083e-01 8.351673374440167219e-01
7.449675596623765994e-01 8.138005785571593709e-01
7.365088919149124225e-01 7.912727253345192002e-01
7.279334542691596743e-01 7.676159195113849698e-01
7.192426063189980567e-01 7.428639135622174816e-01
7.104377259560488156e-01 7.170520225441262552e-01
7.015202091512169336e-01 6.902170737109201148e-01
6.924914697333669489e-01 6.623973539696281776e-01
6.833529391651669282e-01 6.336325552544492812e-01
6.741060663161371203e-01 6.039637178960706176e-01
6.647523172329389274e-01 5.734331720671587140e-01
6.552931749069401679e-01 5.420844773875569400e-01
6.457301390390942641e-01 5.099623607753651644e-01
6.360647258021696615e-01 4.771126526325694672e-01
6.262984676003678919e-01 4.435822214562705201e-01
6.164329128263689173e-01 4.094189069688045635e-01
6.064696256158406129e-01 3.746714518621632739e-01
5.964101855994526913e-01 3.393894322540953468e-01
5.862561876524338134e-01 3.036231869551170304e-01
5.760092416417125216e-01 2.674237456473445573e-01
5.656709721706799643e-01 2.308427560776185050e-01
5.552430183216171544e-01 1.939324103688080114e-01
5.447270333958266209e-01 1.567453705544184228e-01
5.341246846515094182e-01 1.193346934427510220e-01
5.234376530394295735e-01 8.175375491782224668e-02
5.126676329364070472e-01 4.405617378502911519e-02
5.018163318766835079e-01 6.295735270236123629e-03
4.908854702811998871e-01 -3.147368571858609465e-02
4.798767811848331233e-01 -6.919820145767352493e-02
4.687920099616310066e-01 -1.068239882920695716e-01
4.576329140480923097e-01 -1.442973634288087781e-01
4.464012626645337822e-01 -1.815648615291332035e-01
4.350988365345878628e-01 -2.185733109904510751e-01
4.237274276028792364e-01 -2.552699098092007790e-01
4.122888387509190955e-01 -2.916023009164006030e-01
4.007848835112686747e-01 -3.275186468783680693e-01
3.892173857800108050e-01 -3.629677038560641389e-01
3.775881795275815578e-01 -3.978988947175105539e-01
3.658991085080025574e-01 -4.322623811989839693e-01
3.541520259665620896e-01 -4.660091350120292852e-01
3.423487943459935789e-01 -4.990910077948289558e-01
3.304912849911927908e-01 -5.314607998081380957e-01
3.185813778525266038e-01 -5.630723272777647948e-01
3.066209611877745989e-01 -5.938804882875187152e-01
2.946119312627564213e-01 -6.238413271286088468e-01
2.825561920506873825e-01 -6.529120970136890190e-01
2.704556549303122059e-01 -6.810513210660661398e-01
2.583122383828665436e-01 -7.082188514970525484e-01
2.461278676879097016e-01 -7.343759268870445611e-01
2.339044746180824197e-01 -7.594852274885789400e-01
2.216439971328320879e-01 -7.835109284724882661e-01
2.093483790711602732e-01 -8.064187510411641169e-01
1.970195698434357712e-01 -8.281760113360172593e-01
1.846595241223244477e-01 -8.487516670693467935e-01
1.722702015328870240e-01 -8.681163618140913529e-01
1.598535663418882424e-01 -8.862424668882683543e-01
1.474115871463736183e-01 -9.031041207743433219e-01
1.349462365615563819e-01 -9.186772660172912719e-01
1.224594909080703314e-01 -9.329396835486949424e-01
1.099533298986332536e-01 -9.458710243879241419e-01
9.742973632417238627e-02 -9.574528386751505193e-01
8.489069573946415870e-02 -9.676686019947845496e-01
7.233819614833236766e-02 -9.765037389517745581e-01
5.977422768846161333e-02 -9.839456439671284693e-01
4.720078231586890410e-02 -9.899836992629919008e-01
3.461985348909029508e-02 -9.946092900116199065e-01
2.203343585312703135e-02 -9.978158166266277718e-01
9.443524923203678451e-03 -9.995987041789873295e-01
-3.147883231609569822e-03 -9.999554089243304356e-01
-1.573879230486568970e-02 -9.988854219322504946e-01
-2.832720606924371901e-02 -9.963902698124212920e-01
-4.091112869304266292e-02 -9.924735125364990695e-01
-5.348856505660932320e-02 -9.871407383589128059e-01
-6.605752106865546425e-02 -9.803995558437936797e-01
-7.861600398241198884e-02 -9.722595830094136193e-01
-9.116202271156759185e-02 -9.627324336056287679e-01
-1.036935881459476877e-01 -9.518317005438962086e-01
-1.162087134668762650e-01 -9.395729365035186964e-01
-1.287054144621781471e-01 -9.259736317417722740e-01
-1.411817098407645854e-01 -9.110531891395908799e-01
-1.536356215467580277e-01 -8.948328965184004780e-01
-1.660651750731038379e-01 -8.773358962676064410e-01
-1.784683997746172868e-01 -8.585871523260651950e-01
-1.908433291804214893e-01 -8.386134145646505500e-01
-2.031880013057200118e-01 -8.174431806207330675e-01
-2.155004589628618239e-01 -7.951066552390203546e-01
-2.277787500716421942e-01 -7.716357071767810938e-01
-2.400209279687963992e-01 -7.470638237349191968e-01
-2.522250517166341188e-01 -7.214260629797910607e-01
-2.643891864107641987e-01 -6.947590037239212979e-01
-2.765114034868661474e-01 -6.671006933369836300e-01
-2.885897810264528851e-01 -6.384905934615157097e-01
-3.006224040615830817e-01 -6.089695237108072590e-01
-3.126073648784686854e-01 -5.785796034292977064e-01
-3.245427633199343131e-01 -5.473641915985794082e-01
-3.364267070866784892e-01 -5.153678249747309925e-01
-3.482573120372868813e-01 -4.826361545452699797e-01
-3.600327024869556802e-01 -4.492158803963569036e-01
-3.717510115048704988e-01 -4.151546850831990265e-01
-3.834103812102006570e-01 -3.805011655987085573e-01
-3.950089630666560603e-01 -3.453047640374827809e-01
-4.065449181755639296e-01 -3.096156970540316355e-01
-4.180164175674177529e-01 -2.734848842158933424e-01
-4.294216424918513297e-01 -2.369638753538728382e-01
-4.407587847059912245e-01 -2.001047770130445491e-01
-4.520260467611474930e-01 -1.629601781094565383e-01
-4.632216422877886708e-01 -1.255830748986136169e-01
-4.743437962787627749e-01 -8.802679536278584793e-02
-4.853907453707145825e-01 -5.034492312502936162e-02
-4.963607381236603833e-01 -1.259122099845719385e-02
-5.072520352986694681e-01 2.518044572013891300e-02
-5.180629101336104991e-01 6.291618610288572666e-02
-5.287916486169237373e-01 1.005621604800066432e-01
-5.394365497593675007e-01 1.380646572558536511e-01
-5.499959258637029391e-01 1.753701695422141549e-01
-5.604681027922681080e-01 2.124254714995497118e-01
-5.708514202324069808e-01 2.491776942772511716e-01
-5.811442319597026618e-01 2.855744014445553702e-01
-5.913449060989772743e-01 3.215636638044951923e-01
-6.014518253830198891e-01 3.570941334841713499e-01
-6.114633874089948629e-01 3.921151171955959969e-01
-6.213780048924959498e-01 4.265766485626180105e-01
-6.311941059192011094e-01 4.604295594107129519e-01
-6.409101341940934837e-01 4.936255499179466044e-01
-6.505245492882039127e-01 5.261172575270010032e-01
-6.600358268828372399e-01 5.578583245199526530e-01
-6.694424590112475482e-01 5.888034641594021013e-01
-6.787429542977175823e-01 6.189085253015648158e-01
-6.879358381940100520e-01 6.481305553891558713e-01
-6.970196532131485156e-01 6.764278617341740185e-01
-7.059929591604966470e-01 7.037600710031772788e-01
-7.148543333620936968e-01 7.300881868201455349e-01
-7.236023708902108442e-01 7.553746454047701731e-01
-7.322356847860980178e-01 7.795833691667813925e-01
-7.407529062798779984e-01 8.026798181798424636e-01
-7.491526850075590493e-01 8.246310394615746775e-01
-7.574336892251271047e-01 8.454057139893986772e-01
-7.655946060196892056e-01 8.649742013851221545e-01
-7.736341415176283265e-01 8.833085822045059210e-01
-7.815510210897403942e-01 9.003826977714796120e-01
-7.893439895533217454e-01 9.161721875001761495e-01
-7.970118113711713859e-01 9.306545236515256780e-01
-8.045532708474797401e-01 9.438090434748281909e-01
-8.119671723205704739e-01 9.556169786884433082e-01
-8.192523403524681891e-01 9.660614822575386285e-01
-8.264076199152577962e-01 9.751276524306862203e-01
-8.334318765742075863e-01 9.828025540010141281e-01
-8.403239966676301353e-01 9.890752367615857077e-01
-8.470828874834466227e-01 9.939367511286631984e-01
-8.537074774324318049e-01 9.973801609105754640e-01
-8.601967162181080040e-01 9.994005532039662576e-01
-8.665495750032662370e-01 9.999950454033060820e-01
-8.727650465730824036e-01 9.991627893136639793e-01
-8.788421454948056599e-01 9.969049723608752744e-01
-8.847799082739953302e-01 9.932248158973745467e-01
-8.905773935072777148e-01 9.881275706061144470e-01
-8.962336820316005870e-01 9.816205090091248975e-01
-9.017478770699622892e-01 9.737129150914045628e-01
-9.071191043735915560e-01 9.644160710549436466e-01
-9.123465123605555283e-01 9.537432412217844435e-01
-9.174292722507731979e-01 9.417096531090749512e-01
-9.223665781974150768e-01 9.283324757031319319e-01
-9.271576474146663305e-01 9.136307949634935310e-01
-9.318017203018333916e-01 8.976255865919254839e-01
-9.362980605637745146e-01 8.803396861052288358e-01
-9.406459553276369512e-01 8.617977562545391379e-01
-9.448447152558786533e-01 8.420262518376187000e-01
-9.488936746555590718e-01 8.210533819543307521e-01
-9.527921915838825084e-01 7.989090697591525458e-01
-9.565396479499741478e-01 7.756249097681574556e-01
-9.601354496128762239e-01 7.512341227813661426e-01
-9.635790264757448931e-01 7.257715084848019860e-01
-9.668698325762377088e-01 6.992733957998386041e-01
-9.700073461730724933e-01 6.717775910507242099e-01
-9.729910698287467241e-01 6.433233240242091089e-01
-9.758205304884046694e-01 6.139511919982282295e-01
-9.784952795548370608e-01 5.837031018195274479e-01
-9.810148929596045342e-01 5.526222101128352993e-01
-9.833789712302711816e-01 5.207528617069276944e-01
-9.855871395537394442e-01 4.881405263653967874e-01
-9.876390478356746883e-01 4.548317339124257619e-01
-9.895343707560108060e-01 4.208740078461177814e-01
-9.912728078205281790e-01 3.863157975340795747e-01
-9.928540834084959021e-01 3.512064090880392397e-01
-9.942779468163697176e-01 3.155959350160742471e-01
-9.955441722975398866e-01 2.795351827528703148e-01
-9.966525590981225591e-01 2.430756021699300162e-01
-9.976029314887878696e-01 2.062692121691963032e-01
-9.983951387926212062e-01 1.691685264648175313e-01
-9.990290554090123232e-01 1.318264786589036230e-01
-9.995045808335686344e-01 9.429634671823960979e-02
-9.998216396740496892e-01 5.663167695965571485e-02
-9.999801816623202777e-01 1.888620765253827896e-02
-9.999801816623202777e-01 -1.888620765253754344e-02
-9.998216396740496892e-01 -5.663167695965497933e-02
-9.995045808335686344e-01 -9.429634671823711178e-02
-9.990290554090123232e-01 -1.318264786589011250e-01
-9.983951387926212062e-01 -1.691685264648168097e-01
-9.976029314887878696e-01 -2.062692121691955816e-01
-9.966525590981225591e-01 -2.430756021699275737e-01
-9.955441722975399976e-01 -2.795351827528678723e-01
-9.942779468163697176e-01 -3.155959350160735255e-01
-9.928540834084960132e-01 -3.512064090880368528e-01
-9.912728078205282900e-01 -3.863157975340772432e-01
-9.895343707560109170e-01 -4.208740078461155054e-01
-9.876390478356747993e-01 -4.548317339124250958e-01
-9.855871395537395552e-01 -4.881405263653946225e-01
-9.833789712302712926e-01 -5.207528617069255850e-01
-9.810148929596045342e-01 -5.526222101128346331e-01
-9.784952795548371718e-01 -5.837031018195268928e-01
-9.758205304884047804e-01 -6.139511919982276744e-01
-9.729910698287469462e-01 -6.433233240242072215e-01
-9.700073461730724933e-01 -6.717775910507236548e-01
-9.668698325762379309e-01 -6.992733957998368277e-01
-9.635790264757451151e-01 -7.257715084848015419e-01
-9.601354496128763349e-01 -7.512341227813655875e-01
-9.565396479499743698e-01 -7.756249097681557902e-01
-9.527921915838827305e-01 -7.989090697591511026e-01
-9.488936746555592938e-01 -8.210533819543293088e-01
-9.448447152558787643e-01 -8.420262518376182559e-01
-9.406459553276371732e-01 -8.617977562545378056e-01
-9.362980605637747367e-01 -8.803396861052277256e-01
-9.318017203018333916e-01 -8.976255865919251509e-01
-9.271576474146665525e-01 -9.136307949634925318e-01
-9.223665781974152988e-01 -9.283324757031310437e-01
-9.174292722507734199e-01 -9.417096531090740630e-01
-9.123465123605556393e-01 -9.537432412217842215e-01
-9.071191043735917781e-01 -9.644160710549435356e-01
-9.017478770699625112e-01 -9.737129150914040077e-01
-8.962336820316006980e-01 -9.816205090091246754e-01
-8.905773935072780478e-01 -9.881275706061140029e-01
-8.847799082739956633e-01 -9.932248158973744356e-01
-8.788421454948059930e-01 -9.969049723608751634e-01
-8.727650465730825147e-01 -9.991627893136639793e-01
-8.665495750032665701e-01 -9.999950454033060820e-01
-8.601967162181083371e-01 -9.994005532039663686e-01
-8.537074774324319160e-01 -9.973801609105755750e-01
-8.470828874834469557e-01 -9.939367511286635315e-01
-8.403239966676304684e-01 -9.890752367615859297e-01
-8.334318765742079194e-01 -9.828025540010145722e-01
-8.264076199152579072e-01 -9.751276524306863314e-01
-8.192523403524686332e-01 -9.660614822575392946e-01
-8.119671723205708069e-01 -9.556169786884440853e-01
-8.045532708474798511e-01 -9.438090434748280799e-01
-7.970118113711718300e-01 -9.306545236515263442e-01
-7.893439895533221895e-01 -9.161721875001771487e-01
-7.815510210897408383e-01 -9.003826977714807223e-01
-7.736341415176284375e-01 -8.833085822045062541e-01
-7.655946060196896497e-01 -8.649742013851224876e-01
-7.574336892251275488e-01 -8.454057139893995654e-01
-7.491526850075592714e-01 -8.246310394615751216e-01
-7.407529062798784425e-01 -8.026798181798439069e-01
-7.322356847860984619e-01 -7.795833691667829468e-01
-7.236023708902112883e-01 -7.553746454047706171e-01
-7.148543333620939189e-01 -7.300881868201466451e-01
-7.059929591604972021e-01 -7.037600710031783890e-01
-6.970196532131489597e-01 -6.764278617341759059e-01
-6.879358381940102740e-01 -6.481305553891564264e-01
-6.787429542977181374e-01 -6.189085253015668142e-01
-6.694424590112479923e-01 -5.888034641594042107e-01
-6.600358268828377950e-01 -5.578583245199539853e-01
-6.505245492882044678e-01 -5.261172575270031126e-01
-6.409101341940940388e-01 -4.936255499179488249e-01
-6.311941059192013315e-01 -4.604295594107135625e-01
-6.213780048924965049e-01 -4.265766485626202864e-01
-6.114633874089954180e-01 -3.921151171955966630e-01
-6.014518253830200001e-01 -3.570941334841728487e-01
-5.913449060989778294e-01 -3.215636638044975237e-01
-5.811442319597028838e-01 -2.855744014445560919e-01
-5.708514202324079800e-01 -2.491776942772553349e-01
-5.604681027922686631e-01 -2.124254714995504334e-01
-5.499959258637031612e-01 -1.753701695422157369e-01
-5.394365497593684999e-01 -1.380646572558570095e-01
-5.287916486169242924e-01 -1.005621604800091412e-01
-5.180629101336107212e-01 -6.291618610288646218e-02
-5.072520352986700232e-01 -2.518044572013964852e-02
-4.963607381236609939e-01 1.259122099845468197e-02
-4.853907453707148045e-01 5.034492312502951428e-02
-4.743437962787633855e-01 8.802679536278334993e-02
-4.632216422877892814e-01 1.255830748986111189e-01
-4.520260467611477151e-01 1.629601781094558166e-01
-4.407587847059918351e-01 2.001047770130420789e-01
-4.294216424918515518e-01 2.369638753538729770e-01
-4.180164175674188076e-01 2.734848842158900672e-01
-4.065449181755645958e-01 3.096156970540292486e-01
-3.950089630666563378e-01 3.453047640374821148e-01
-3.834103812102015452e-01 3.805011655987053931e-01
-3.717510115048711095e-01 4.151546850831983604e-01
-3.600327024869559578e-01 4.492158803963554603e-01
-3.482573120372877695e-01 4.826361545452677593e-01
-3.364267070866789333e-01 5.153678249747296602e-01
-3.245427633199345907e-01 5.473641915985787421e-01
-3.126073648784693515e-01 5.785796034292971513e-01
-3.006224040615835258e-01 6.089695237108052606e-01
-2.885897810264531071e-01 6.384905934615158207e-01
-2.765114034868668136e-01 6.671006933369817427e-01
-2.643891864107646428e-01 6.947590037239201877e-01
-2.522250517166349515e-01 7.214260629797899504e-01
-2.400209279687970654e-01 7.470638237349175315e-01
-2.277787500716424440e-01 7.716357071767810938e-01
-2.155004589628627121e-01 7.951066552390189113e-01
-2.031880013057207057e-01 8.174431806207316242e-01
-1.908433291804217391e-01 8.386134145646501059e-01
-1.784683997746181749e-01 8.585871523260634186e-01
-1.660651750731043097e-01 8.773358962676061079e-01
-1.536356215467582775e-01 8.948328965183998118e-01
-1.411817098407652793e-01 9.110531891395898807e-01
-1.287054144621785912e-01 9.259736317417717189e-01
-1.162087134668765009e-01 9.395729365035184744e-01
-1.036935881459483677e-01 9.518317005438959866e-01
-9.116202271156806369e-02 9.627324336056281018e-01
-7.861600398241289089e-02 9.722595830094130642e-01
-6.605752106865615814e-02 9.803995558437932356e-01
-5.348856505660956606e-02 9.871407383589126949e-01
-4.091112869304357191e-02 9.924735125364988475e-01
-2.832720606924440943e-02 9.963902698124211810e-01
-1.573879230486593256e-02 9.988854219322504946e-01
-3.147883231610480986e-03 9.999554089243304356e-01
9.443524923203210075e-03 9.995987041789873295e-01
2.203343585312678501e-02 9.978158166266277718e-01
3.461985348908960813e-02 9.946092900116201285e-01
4.720078231586843920e-02 9.899836992629920118e-01
5.977422768846136353e-02 9.839456439671286914e-01
7.233819614833167377e-02 9.765037389517751132e-01
8.489069573946370073e-02 9.676686019947849937e-01
9.742973632417148422e-02 9.574528386751515185e-01
1.099533298986325736e-01 9.458710243879243640e-01
1.224594909080700955e-01 9.329396835486954975e-01
1.349462365615554660e-01 9.186772660172922711e-01
1.474115871463729244e-01 9.031041207743444321e-01
1.598535663418879926e-01 8.862424668882686873e-01
1.722702015328861358e-01 8.681163618140922411e-01
1.846595241223240036e-01 8.487516670693481258e-01
1.970195698434355214e-01 8.281760113360171482e-01
2.093483790711596071e-01 8.064187510411656712e-01
2.216439971328316438e-01 7.835109284724892653e-01
2.339044746180821699e-01 7.594852274885793841e-01
2.461278676879090355e-01 7.343759268870465595e-01
2.583122383828660995e-01 7.082188514970529924e-01
2.704556549303113178e-01 6.810513210660680272e-01
2.825561920506867164e-01 6.529120970136905733e-01
2.946119312627561992e-01 6.238413271286094020e-01
3.066209611877737107e-01 5.938804882875214908e-01
3.185813778525259377e-01 5.630723272777656829e-01
3.304912849911925687e-01 5.314607998081395390e-01
3.423487943459927463e-01 4.990910077948311208e-01
3.541520259665616455e-01 4.660091350120307285e-01
3.658991085080022798e-01 4.322623811989846354e-01
3.775881795275808916e-01 3.978988947175116642e-01
3.892173857800103609e-01 3.629677038560664704e-01
4.007848835112684527e-01 3.275186468783679028e-01
4.122888387509184849e-01 2.916023009164025459e-01
4.237274276028787923e-01 2.552699098092023333e-01
4.350988365345870301e-01 2.185733109904526572e-01
4.464012626645331716e-01 1.815648615291361179e-01
4.576329140480920876e-01 1.442973634288086116e-01
4.687920099616301739e-01 1.068239882920720696e-01
4.798767811848325682e-01 6.919820145767557884e-02
4.908854702811996651e-01 3.147368571858683017e-02
5.018163318766827308e-01 -6.295735270232724438e-03
5.126676329364067142e-01 -4.405617378502837966e-02
5.234376530394293514e-01 -8.175375491782063686e-02
5.341246846515087521e-01 -1.193346934427489681e-01
5.447270333958262878e-01 -1.567453705544168130e-01
5.552430183216170434e-01 -1.939324103688077339e-01
5.656709721706794092e-01 -2.308427560776173670e-01
5.760092416417121886e-01 -2.674237456473426144e-01
5.862561876524330362e-01 -3.036231869551146434e-01
5.964101855994521362e-01 -3.393894322540917385e-01
6.064696256158403909e-01 -3.746714518621621637e-01
6.164329128263682511e-01 -4.094189069688030647e-01
6.262984676003674478e-01 -4.435822214562682442e-01
6.360647258021694395e-01 -4.771126526325695782e-01
6.457301390390937090e-01 -5.099623607753646093e-01
6.552931749069398348e-01 -5.420844773875556077e-01
6.647523172329387053e-01 -5.734331720671566046e-01
6.741060663161364541e-01 -6.039637178960678421e-01
6.833529391651664842e-01 -6.336325552544487261e-01
6.924914697333668379e-01 -6.623973539696274004e-01
7.015202091512164895e-01 -6.902170737109186716e-01
7.104377259560484825e-01 -7.170520225441266993e-01
7.192426063189973906e-01 -7.428639135622152612e-01
7.279334542691592302e-01 -7.676159195113841927e-01
7.365088919149120894e-01 -7.912727253345179790e-01
7.449675596623759333e-01 -8.138005785571579276e-01
7.533081164309711752e-01 -8.351673374440148345e-01
7.615292398660368223e-01 -8.553425168573662862e-01
7.696296265484856569e-01 -8.742973317518821785e-01
7.776079922014560442e-01 -8.920047382438541783e-01
7.854630718939248357e-01 -9.084394721961955854e-01
7.931936202412577241e-01 -9.235780852641796157e-01
8.007984116026599652e-01 -9.373989783505008999e-01
8.082762402754933850e-01 -9.498824324218965165e-01
8.156259206864355793e-01 -9.610106366433838199e-01
8.228462875794486653e-01 -9.707677137899661801e-01
8.299361962005211701e-01 -9.791397428995438634e-01
8.368945224791674020e-01 -9.861147791347307789e-01
8.437201632066400059e-01 -9.916828708252044544e-01
8.504120362108393838e-01 -9.958360736663113277e-01
8.569690805278886714e-01 -9.985684620536464662e-01
8.633902565703412968e-01 -9.998761375374373150e-01
8.696745462920039138e-01 -9.997572343846811149e-01
8.758209533493442889e-01 -9.982119222410882342e-01
8.818285032594537221e-01 -9.952424058890388947e-01
8.876962435545481256e-01 -9.908529221018994582e-01
8.934232439329782283e-01 -9.850497335991819092e-01
8.990085964067220381e-01 -9.778411201111750772e-01
9.044514154453429100e-01 -9.692373665657979531e-01
9.097508381163876834e-01 -9.592507484145194052e-01
9.149060242221972450e-01 -9.478955141182950905e-01
9.199161564331191920e-01 -9.351878648184980269e-01
9.247804404170885118e-01 -9.211459312218527318e-01
9.294981049655665073e-01 -9.057897477323587632e-01
9.340684021158128791e-01 -8.891412238670821644e-01
9.384906072694698675e-01 -8.712241129966526998e-01
9.427640193074445785e-01 -8.520639784550082529e-01
9.468879607010687316e-01 -8.316881570667583601e-01
9.508617776195164017e-01 -8.101257201442475520e-01
9.546848400334656537e-01 -7.874074320098841673e-01
9.583565418149884163e-01 -7.635657061029882398e-01
9.618763008336466136e-01 -7.386345587337382890e-01
9.652435590487876693e-01 -7.126495605502286557e-01
9.684577825980191790e-01 -6.856477857878425786e-01
9.715184618818490936e-01 -6.576677593733971650e-01
9.744251116444817562e-01 -6.287494019594929151e-01
9.771772710507514725e-01 -5.989339729675193791e-01
9.797745037591860662e-01 -5.682640117205387531e-01
9.822163979911876508e-01 -5.367832767500890778e-01
9.845025665963166306e-01 -5.045366833634596926e-01
9.866326471136732668e-01 -4.715702395605504416e-01
9.886063018293645976e-01 -4.379309803916784927e-01
9.904232178300462763e-01 -4.036669008501075351e-01
9.920831070525338857e-01 -3.688268873949163695e-01
9.935857063294745162e-01 -3.334606482019611406e-01
9.949307774310698349e-01 -2.976186422425118883e-01
9.961181071028466505e-01 -2.613520072906086456e-01
9.971475070994673118e-01 -2.247124869619848975e-01
9.980188142145752783e-01 -1.877523568885833549e-01
9.987318903066703113e-01 -1.505243501340143009e-01
9.992866223210103982e-01 -1.130815819563886909e-01
9.996829223075360815e-01 -7.547747402581805876e-02
9.999207274348141938e-01 -3.776567820477081533e-02
1.000000000000000000e+00 -7.347880794884118750e-16
